(0, 0) (0, 6)
(0, 11) (0, 38)
(0, 22) (0, 17)
(0, 33) (0, 29)
(0, 44) (0, 44)
(0, 55) (0, 55)
(0, 66) (0, 330)
(0, 77) (0, 238)
(0, 88) (0, 71)
(0, 99) (0, 99)
(0, 110) (0, 110)
(11, 0) (11, 6)
(11, 11) (11, 11)
(11, 22) (11, 22)
(11, 33) (11, 33)
(11, 44) (11, 44)
(11, 55) (11, 55)
(11, 66) (11, 318)
(11, 77) (11, 338)
(11, 88) (11, 249)
(11, 99) (11, 99)
(11, 110) (11, 110)
(22, 0) (22, 299)
(22, 11) (22, 240)
(22, 22) (22, 245)
(22, 33) (22, 22)
(22, 44) (22, 33)
(22, 55) (22, 36)
(22, 66) (22, 50)
(22, 77) (22, 60)
(22, 88) (22, 88)
(22, 99) (22, 84)
(22, 110) (22, 110)
(33, 0) (33, 486)
(33, 11) (33, 284)
(33, 22) (33, 295)
(33, 33) (33, 18)
(33, 44) (33, 30)
(33, 55) (33, 42)
(33, 66) (33, 53)
(33, 77) (33, 87)
(33, 88) (33, 73)
(33, 99) (33, 103)
(33, 110) (33, 110)
(44, 0) (44, 129)
(44, 11) (44, 141)
(44, 22) (44, 11)
(44, 33) (44, 21)
(44, 44) (44, 30)
(44, 55) (44, 55)
(44, 66) (44, 66)
(44, 77) (44, 61)
(44, 88) (44, 91)
(44, 99) (44, 102)
(44, 110) (44, 94)
(55, 0) (55, 6)
(55, 11) (55, 404)
(55, 22) (55, 22)
(55, 33) (55, 33)
(55, 44) (55, 44)
(55, 55) (55, 39)
(55, 66) (55, 49)
(55, 77) (55, 61)
(55, 88) (55, 90)
(55, 99) (55, 102)
(55, 110) (55, 94)
(66, 0) (66, 6)
(66, 11) (66, 11)
(66, 22) (66, 157)
(66, 33) (66, 17)
(66, 44) (66, 29)
(66, 55) (66, 56)
(66, 66) (66, 71)
(66, 77) (66, 61)
(66, 88) (66, 89)
(66, 99) (66, 102)
(66, 110) (66, 94)
(77, 0) (77, 53)
(77, 11) (77, 62)
(77, 22) (77, 11)
(77, 33) (77, 20)
(77, 44) (77, 31)
(77, 55) (77, 55)
(77, 66) (77, 65)
(77, 77) (77, 61)
(77, 88) (77, 82)
(77, 99) (77, 102)
(77, 110) (77, 110)
(88, 0) (88, 6)
(88, 11) (88, 7)
(88, 22) (88, 22)
(88, 33) (88, 18)
(88, 44) (88, 139)
(88, 55) (88, 354)
(88, 66) (88, 64)
(88, 77) (88, 61)
(88, 88) (88, 88)
(88, 99) (88, 101)
(88, 110) (88, 107)
(99, 0) (99, 6)
(99, 11) (99, 9)
(99, 22) (99, 22)
(99, 33) (99, 33)
(99, 44) (99, 43)
(99, 55) (99, 55)
(99, 66) (99, 63)
(99, 77) (99, 60)
(99, 88) (99, 100)
(99, 99) (99, 83)
(99, 110) (99, 110)
(110, 0) (110, 6)
(110, 11) (110, 9)
(110, 22) (110, 22)
(110, 33) (110, 33)
(110, 44) (110, 37)
(110, 55) (110, 59)
(110, 66) (110, 62)
(110, 77) (110, 90)
(110, 88) (110, 94)
(110, 99) (110, 102)
(110, 110) (110, 109)
(121, 0) (121, 6)
(121, 11) (121, 11)
(121, 22) (121, 22)
(121, 33) (121, 20)
(121, 44) (121, 27)
(121, 55) (121, 59)
(121, 66) (121, 62)
(121, 77) (121, 89)
(121, 88) (121, 94)
(121, 99) (121, 101)
(121, 110) (121, 110)
(132, 0) (132, 35)
(132, 11) (132, 35)
(132, 22) (132, 22)
(132, 33) (132, 195)
(132, 44) (132, 28)
(132, 55) (132, 55)
(132, 66) (132, 71)
(132, 77) (132, 85)
(132, 88) (132, 94)
(132, 99) (132, 101)
(132, 110) (132, 110)
(143, 0) (143, 6)
(143, 11) (143, 64)
(143, 22) (143, 13)
(143, 33) (143, 19)
(143, 44) (143, 29)
(143, 55) (143, 40)
(143, 66) (143, 62)
(143, 77) (143, 85)
(143, 88) (143, 72)
(143, 99) (143, 101)
(143, 110) (143, 110)
(154, 0) (154, 13)
(154, 11) (154, 29)
(154, 22) (154, 7)
(154, 33) (154, 18)
(154, 44) (154, 50)
(154, 55) (154, 60)
(154, 66) (154, 70)
(154, 77) (154, 85)
(154, 88) (154, 80)
(154, 99) (154, 99)
(154, 110) (154, 109)
(165, 0) (165, 6)
(165, 11) (165, 43)
(165, 22) (165, 22)
(165, 33) (165, 33)
(165, 44) (165, 27)
(165, 55) (165, 55)
(165, 66) (165, 69)
(165, 77) (165, 80)
(165, 88) (165, 91)
(165, 99) (165, 102)
(165, 110) (165, 110)
(176, 0) (176, 6)
(176, 11) (176, 11)
(176, 22) (176, 132)
(176, 33) (176, 144)
(176, 44) (176, 27)
(176, 55) (176, 55)
(176, 66) (176, 71)
(176, 77) (176, 80)
(176, 88) (176, 91)
(176, 99) (176, 101)
(176, 110) (176, 110)
(187, 0) (187, 6)
(187, 11) (187, 11)
(187, 22) (187, 133)
(187, 33) (187, 144)
(187, 44) (187, 28)
(187, 55) (187, 55)
(187, 66) (187, 55)
(187, 77) (187, 80)
(187, 88) (187, 88)
(187, 99) (187, 101)
(187, 110) (187, 109)
(198, 0) (198, 6)
(198, 11) (198, 11)
(198, 22) (198, 134)
(198, 33) (198, 179)
(198, 44) (198, 27)
(198, 55) (198, 55)
(198, 66) (198, 55)
(198, 77) (198, 80)
(198, 88) (198, 91)
(198, 99) (198, 83)
(198, 110) (198, 110)
(209, 0) (209, 6)
(209, 11) (209, 11)
(209, 22) (209, 134)
(209, 33) (209, 179)
(209, 44) (209, 27)
(209, 55) (209, 55)
(209, 66) (209, 80)
(209, 77) (209, 79)
(209, 88) (209, 91)
(209, 99) (209, 83)
(209, 110) (209, 110)
(220, 0) (220, 6)
(220, 11) (220, 11)
(220, 22) (220, 249)
(220, 33) (220, 268)
(220, 44) (220, 50)
(220, 55) (220, 54)
(220, 66) (220, 80)
(220, 77) (220, 78)
(220, 88) (220, 91)
(220, 99) (220, 82)
(220, 110) (220, 109)
(231, 0) (231, 6)
(231, 11) (231, 43)
(231, 22) (231, 44)
(231, 33) (231, 45)
(231, 44) (231, 45)
(231, 55) (231, 53)
(231, 66) (231, 48)
(231, 77) (231, 78)
(231, 88) (231, 91)
(231, 99) (231, 81)
(231, 110) (231, 110)
(0, 0) (0, 6)
(0, 11) (0, 38)
(0, 22) (0, 17)
(0, 33) (0, 29)
(0, 44) (0, 44)
(0, 55) (0, 55)
(0, 66) (0, 330)
(0, 77) (0, 238)
(0, 88) (0, 71)
(0, 99) (0, 99)
(0, 110) (0, 110)
(11, 0) (11, 6)
(11, 11) (11, 11)
(11, 22) (11, 22)
(11, 33) (11, 33)
(11, 44) (11, 44)
(11, 55) (11, 55)
(11, 66) (11, 318)
(11, 77) (11, 338)
(11, 88) (11, 249)
(11, 99) (11, 99)
(11, 110) (11, 110)
(22, 0) (22, 299)
(22, 11) (22, 240)
(22, 22) (22, 245)
(22, 33) (22, 22)
(22, 44) (22, 33)
(22, 55) (22, 36)
(22, 66) (22, 50)
(22, 77) (22, 60)
(22, 88) (22, 88)
(22, 99) (22, 84)
(22, 110) (22, 110)
(33, 0) (33, 486)
(33, 11) (33, 284)
(33, 22) (33, 295)
(33, 33) (33, 18)
(33, 44) (33, 30)
(33, 55) (33, 42)
(33, 66) (33, 53)
(33, 77) (33, 87)
(33, 88) (33, 73)
(33, 99) (33, 103)
(33, 110) (33, 110)
(44, 0) (44, 129)
(44, 11) (44, 141)
(44, 22) (44, 11)
(44, 33) (44, 21)
(44, 44) (44, 30)
(44, 55) (44, 55)
(44, 66) (44, 66)
(44, 77) (44, 61)
(44, 88) (44, 91)
(44, 99) (44, 102)
(44, 110) (44, 94)
(55, 0) (55, 6)
(55, 11) (55, 404)
(55, 22) (55, 22)
(55, 33) (55, 33)
(55, 44) (55, 44)
(55, 55) (55, 39)
(55, 66) (55, 49)
(55, 77) (55, 61)
(55, 88) (55, 90)
(55, 99) (55, 102)
(55, 110) (55, 94)
(66, 0) (66, 6)
(66, 11) (66, 11)
(66, 22) (66, 157)
(66, 33) (66, 17)
(66, 44) (66, 29)
(66, 55) (66, 56)
(66, 66) (66, 71)
(66, 77) (66, 61)
(66, 88) (66, 89)
(66, 99) (66, 102)
(66, 110) (66, 94)
(77, 0) (77, 53)
(77, 11) (77, 62)
(77, 22) (77, 11)
(77, 33) (77, 20)
(77, 44) (77, 31)
(77, 55) (77, 55)
(77, 66) (77, 65)
(77, 77) (77, 61)
(77, 88) (77, 82)
(77, 99) (77, 102)
(77, 110) (77, 110)
(88, 0) (88, 6)
(88, 11) (88, 7)
(88, 22) (88, 22)
(88, 33) (88, 18)
(88, 44) (88, 139)
(88, 55) (88, 354)
(88, 66) (88, 64)
(88, 77) (88, 61)
(88, 88) (88, 88)
(88, 99) (88, 101)
(88, 110) (88, 107)
(99, 0) (99, 6)
(99, 11) (99, 9)
(99, 22) (99, 22)
(99, 33) (99, 33)
(99, 44) (99, 43)
(99, 55) (99, 55)
(99, 66) (99, 63)
(99, 77) (99, 60)
(99, 88) (99, 100)
(99, 99) (99, 83)
(99, 110) (99, 110)
(110, 0) (110, 6)
(110, 11) (110, 9)
(110, 22) (110, 22)
(110, 33) (110, 33)
(110, 44) (110, 37)
(110, 55) (110, 59)
(110, 66) (110, 62)
(110, 77) (110, 90)
(110, 88) (110, 94)
(110, 99) (110, 102)
(110, 110) (110, 109)
(121, 0) (121, 6)
(121, 11) (121, 11)
(121, 22) (121, 22)
(121, 33) (121, 20)
(121, 44) (121, 27)
(121, 55) (121, 59)
(121, 66) (121, 62)
(121, 77) (121, 89)
(121, 88) (121, 94)
(121, 99) (121, 101)
(121, 110) (121, 110)
(132, 0) (132, 35)
(132, 11) (132, 35)
(132, 22) (132, 22)
(132, 33) (132, 195)
(132, 44) (132, 28)
(132, 55) (132, 55)
(132, 66) (132, 71)
(132, 77) (132, 85)
(132, 88) (132, 94)
(132, 99) (132, 101)
(132, 110) (132, 110)
(143, 0) (143, 6)
(143, 11) (143, 64)
(143, 22) (143, 13)
(143, 33) (143, 19)
(143, 44) (143, 29)
(143, 55) (143, 40)
(143, 66) (143, 62)
(143, 77) (143, 85)
(143, 88) (143, 72)
(143, 99) (143, 101)
(143, 110) (143, 110)
(154, 0) (154, 13)
(154, 11) (154, 29)
(154, 22) (154, 7)
(154, 33) (154, 18)
(154, 44) (154, 50)
(154, 55) (154, 60)
(154, 66) (154, 70)
(154, 77) (154, 85)
(154, 88) (154, 80)
(154, 99) (154, 99)
(154, 110) (154, 109)
(165, 0) (165, 6)
(165, 11) (165, 43)
(165, 22) (165, 22)
(165, 33) (165, 33)
(165, 44) (165, 27)
(165, 55) (165, 55)
(165, 66) (165, 69)
(165, 77) (165, 80)
(165, 88) (165, 91)
(165, 99) (165, 102)
(165, 110) (165, 110)
(176, 0) (176, 6)
(176, 11) (176, 11)
(176, 22) (176, 132)
(176, 33) (176, 144)
(176, 44) (176, 27)
(176, 55) (176, 55)
(176, 66) (176, 71)
(176, 77) (176, 80)
(176, 88) (176, 91)
(176, 99) (176, 101)
(176, 110) (176, 110)
(187, 0) (187, 6)
(187, 11) (187, 11)
(187, 22) (187, 133)
(187, 33) (187, 144)
(187, 44) (187, 28)
(187, 55) (187, 55)
(187, 66) (187, 55)
(187, 77) (187, 80)
(187, 88) (187, 88)
(187, 99) (187, 101)
(187, 110) (187, 109)
(198, 0) (198, 6)
(198, 11) (198, 11)
(198, 22) (198, 134)
(198, 33) (198, 179)
(198, 44) (198, 27)
(198, 55) (198, 55)
(198, 66) (198, 55)
(198, 77) (198, 80)
(198, 88) (198, 91)
(198, 99) (198, 83)
(198, 110) (198, 110)
(209, 0) (209, 6)
(209, 11) (209, 11)
(209, 22) (209, 134)
(209, 33) (209, 179)
(209, 44) (209, 27)
(209, 55) (209, 55)
(209, 66) (209, 80)
(209, 77) (209, 79)
(209, 88) (209, 91)
(209, 99) (209, 83)
(209, 110) (209, 110)
(220, 0) (220, 6)
(220, 11) (220, 11)
(220, 22) (220, 249)
(220, 33) (220, 268)
(220, 44) (220, 50)
(220, 55) (220, 54)
(220, 66) (220, 80)
(220, 77) (220, 78)
(220, 88) (220, 91)
(220, 99) (220, 82)
(220, 110) (220, 109)
(231, 0) (231, 6)
(231, 11) (231, 43)
(231, 22) (231, 44)
(231, 33) (231, 45)
(231, 44) (231, 45)
(231, 55) (231, 53)
(231, 66) (231, 48)
(231, 77) (231, 78)
(231, 88) (231, 91)
(231, 99) (231, 81)
(231, 110) (231, 110)
(0, 0) (0, 6)
(0, 11) (0, 38)
(0, 22) (0, 17)
(0, 33) (0, 29)
(0, 44) (0, 44)
(0, 55) (0, 55)
(0, 66) (0, 330)
(0, 77) (0, 238)
(0, 88) (0, 71)
(0, 99) (0, 99)
(0, 110) (0, 110)
(11, 0) (11, 6)
(11, 11) (11, 11)
(11, 22) (11, 22)
(11, 33) (11, 33)
(11, 44) (11, 44)
(11, 55) (11, 55)
(11, 66) (11, 318)
(11, 77) (11, 338)
(11, 88) (11, 249)
(11, 99) (11, 99)
(11, 110) (11, 110)
(22, 0) (22, 299)
(22, 11) (22, 240)
(22, 22) (22, 245)
(22, 33) (22, 22)
(22, 44) (22, 33)
(22, 55) (22, 36)
(22, 66) (22, 50)
(22, 77) (22, 60)
(22, 88) (22, 88)
(22, 99) (22, 84)
(22, 110) (22, 110)
(33, 0) (33, 486)
(33, 11) (33, 284)
(33, 22) (33, 295)
(33, 33) (33, 18)
(33, 44) (33, 30)
(33, 55) (33, 42)
(33, 66) (33, 53)
(33, 77) (33, 87)
(33, 88) (33, 73)
(33, 99) (33, 103)
(33, 110) (33, 110)
(44, 0) (44, 129)
(44, 11) (44, 141)
(44, 22) (44, 11)
(44, 33) (44, 21)
(44, 44) (44, 30)
(44, 55) (44, 55)
(44, 66) (44, 66)
(44, 77) (44, 61)
(44, 88) (44, 91)
(44, 99) (44, 102)
(44, 110) (44, 94)
(55, 0) (55, 6)
(55, 11) (55, 404)
(55, 22) (55, 22)
(55, 33) (55, 33)
(55, 44) (55, 44)
(55, 55) (55, 39)
(55, 66) (55, 49)
(55, 77) (55, 61)
(55, 88) (55, 90)
(55, 99) (55, 102)
(55, 110) (55, 94)
(66, 0) (66, 6)
(66, 11) (66, 11)
(66, 22) (66, 157)
(66, 33) (66, 17)
(66, 44) (66, 29)
(66, 55) (66, 56)
(66, 66) (66, 71)
(66, 77) (66, 61)
(66, 88) (66, 89)
(66, 99) (66, 102)
(66, 110) (66, 94)
(77, 0) (77, 53)
(77, 11) (77, 62)
(77, 22) (77, 11)
(77, 33) (77, 20)
(77, 44) (77, 31)
(77, 55) (77, 55)
(77, 66) (77, 65)
(77, 77) (77, 61)
(77, 88) (77, 82)
(77, 99) (77, 102)
(77, 110) (77, 110)
(88, 0) (88, 6)
(88, 11) (88, 7)
(88, 22) (88, 22)
(88, 33) (88, 18)
(88, 44) (88, 139)
(88, 55) (88, 354)
(88, 66) (88, 64)
(88, 77) (88, 61)
(88, 88) (88, 88)
(88, 99) (88, 101)
(88, 110) (88, 107)
(99, 0) (99, 6)
(99, 11) (99, 9)
(99, 22) (99, 22)
(99, 33) (99, 33)
(99, 44) (99, 43)
(99, 55) (99, 55)
(99, 66) (99, 63)
(99, 77) (99, 60)
(99, 88) (99, 100)
(99, 99) (99, 83)
(99, 110) (99, 110)
(110, 0) (110, 6)
(110, 11) (110, 9)
(110, 22) (110, 22)
(110, 33) (110, 33)
(110, 44) (110, 37)
(110, 55) (110, 59)
(110, 66) (110, 62)
(110, 77) (110, 90)
(110, 88) (110, 94)
(110, 99) (110, 102)
(110, 110) (110, 109)
(121, 0) (121, 6)
(121, 11) (121, 11)
(121, 22) (121, 22)
(121, 33) (121, 20)
(121, 44) (121, 27)
(121, 55) (121, 59)
(121, 66) (121, 62)
(121, 77) (121, 89)
(121, 88) (121, 94)
(121, 99) (121, 101)
(121, 110) (121, 110)
(132, 0) (132, 35)
(132, 11) (132, 35)
(132, 22) (132, 22)
(132, 33) (132, 195)
(132, 44) (132, 28)
(132, 55) (132, 55)
(132, 66) (132, 71)
(132, 77) (132, 85)
(132, 88) (132, 94)
(132, 99) (132, 101)
(132, 110) (132, 110)
(143, 0) (143, 6)
(143, 11) (143, 64)
(143, 22) (143, 13)
(143, 33) (143, 19)
(143, 44) (143, 29)
(143, 55) (143, 40)
(143, 66) (143, 62)
(143, 77) (143, 85)
(143, 88) (143, 72)
(143, 99) (143, 101)
(143, 110) (143, 110)
(154, 0) (154, 13)
(154, 11) (154, 29)
(154, 22) (154, 7)
(154, 33) (154, 18)
(154, 44) (154, 50)
(154, 55) (154, 60)
(154, 66) (154, 70)
(154, 77) (154, 85)
(154, 88) (154, 80)
(154, 99) (154, 99)
(154, 110) (154, 109)
(165, 0) (165, 6)
(165, 11) (165, 43)
(165, 22) (165, 22)
(165, 33) (165, 33)
(165, 44) (165, 27)
(165, 55) (165, 55)
(165, 66) (165, 69)
(165, 77) (165, 80)
(165, 88) (165, 91)
(165, 99) (165, 102)
(165, 110) (165, 110)
(176, 0) (176, 6)
(176, 11) (176, 11)
(176, 22) (176, 132)
(176, 33) (176, 144)
(176, 44) (176, 27)
(176, 55) (176, 55)
(176, 66) (176, 71)
(176, 77) (176, 80)
(176, 88) (176, 91)
(176, 99) (176, 101)
(176, 110) (176, 110)
(187, 0) (187, 6)
(187, 11) (187, 11)
(187, 22) (187, 133)
(187, 33) (187, 144)
(187, 44) (187, 28)
(187, 55) (187, 55)
(187, 66) (187, 55)
(187, 77) (187, 80)
(187, 88) (187, 88)
(187, 99) (187, 101)
(187, 110) (187, 109)
(198, 0) (198, 6)
(198, 11) (198, 11)
(198, 22) (198, 134)
(198, 33) (198, 179)
(198, 44) (198, 27)
(198, 55) (198, 55)
(198, 66) (198, 55)
(198, 77) (198, 80)
(198, 88) (198, 91)
(198, 99) (198, 83)
(198, 110) (198, 110)
(209, 0) (209, 6)
(209, 11) (209, 11)
(209, 22) (209, 134)
(209, 33) (209, 179)
(209, 44) (209, 27)
(209, 55) (209, 55)
(209, 66) (209, 80)
(209, 77) (209, 79)
(209, 88) (209, 91)
(209, 99) (209, 83)
(209, 110) (209, 110)
(220, 0) (220, 6)
(220, 11) (220, 11)
(220, 22) (220, 249)
(220, 33) (220, 268)
(220, 44) (220, 50)
(220, 55) (220, 54)
(220, 66) (220, 80)
(220, 77) (220, 78)
(220, 88) (220, 91)
(220, 99) (220, 82)
(220, 110) (220, 109)
(231, 0) (231, 6)
(231, 11) (231, 43)
(231, 22) (231, 44)
(231, 33) (231, 45)
(231, 44) (231, 45)
(231, 55) (231, 53)
(231, 66) (231, 48)
(231, 77) (231, 78)
(231, 88) (231, 91)
(231, 99) (231, 81)
(231, 110) (231, 110)
(0, 120) (0, 120)
(0, 131) (0, 131)
(0, 142) (0, 142)
(0, 153) (0, 141)
(0, 164) (0, 164)
(0, 175) (0, 159)
(0, 186) (0, 477)
(0, 197) (0, 210)
(0, 208) (0, 208)
(0, 219) (0, 219)
(0, 230) (0, 230)
(11, 120) (11, 120)
(11, 131) (11, 131)
(11, 142) (11, 142)
(11, 153) (11, 170)
(11, 164) (11, 164)
(11, 175) (11, 159)
(11, 186) (11, 548)
(11, 197) (11, 559)
(11, 208) (11, 220)
(11, 219) (11, 219)
(11, 230) (11, 230)
(22, 120) (22, 120)
(22, 131) (22, 131)
(22, 142) (22, 142)
(22, 153) (22, 145)
(22, 164) (22, 455)
(22, 175) (22, 159)
(22, 186) (22, 220)
(22, 197) (22, 219)
(22, 208) (22, 219)
(22, 219) (22, 219)
(22, 230) (22, 222)
(33, 120) (33, 126)
(33, 131) (33, 115)
(33, 142) (33, 142)
(33, 153) (33, 153)
(33, 164) (33, 455)
(33, 175) (33, 175)
(33, 186) (33, 220)
(33, 197) (33, 219)
(33, 208) (33, 219)
(33, 219) (33, 219)
(33, 230) (33, 222)
(44, 120) (44, 120)
(44, 131) (44, 135)
(44, 142) (44, 142)
(44, 153) (44, 153)
(44, 164) (44, 148)
(44, 175) (44, 175)
(44, 186) (44, 186)
(44, 197) (44, 219)
(44, 208) (44, 219)
(44, 219) (44, 219)
(44, 230) (44, 222)
(55, 120) (55, 120)
(55, 131) (55, 134)
(55, 142) (55, 142)
(55, 153) (55, 138)
(55, 164) (55, 148)
(55, 175) (55, 159)
(55, 186) (55, 186)
(55, 197) (55, 197)
(55, 208) (55, 236)
(55, 219) (55, 247)
(55, 230) (55, 229)
(66, 120) (66, 120)
(66, 131) (66, 115)
(66, 142) (66, 142)
(66, 153) (66, 138)
(66, 164) (66, 148)
(66, 175) (66, 159)
(66, 186) (66, 267)
(66, 197) (66, 197)
(66, 208) (66, 236)
(66, 219) (66, 247)
(66, 230) (66, 229)
(77, 120) (77, 120)
(77, 131) (77, 126)
(77, 142) (77, 142)
(77, 153) (77, 153)
(77, 164) (77, 148)
(77, 175) (77, 159)
(77, 186) (77, 176)
(77, 197) (77, 241)
(77, 208) (77, 236)
(77, 219) (77, 247)
(77, 230) (77, 229)
(88, 120) (88, 120)
(88, 131) (88, 115)
(88, 142) (88, 142)
(88, 153) (88, 137)
(88, 164) (88, 148)
(88, 175) (88, 159)
(88, 186) (88, 176)
(88, 197) (88, 241)
(88, 208) (88, 236)
(88, 219) (88, 247)
(88, 230) (88, 229)
(99, 120) (99, 119)
(99, 131) (99, 125)
(99, 142) (99, 142)
(99, 153) (99, 137)
(99, 164) (99, 148)
(99, 175) (99, 159)
(99, 186) (99, 174)
(99, 197) (99, 241)
(99, 208) (99, 236)
(99, 219) (99, 247)
(99, 230) (99, 229)
(110, 120) (110, 119)
(110, 131) (110, 122)
(110, 142) (110, 142)
(110, 153) (110, 137)
(110, 164) (110, 148)
(110, 175) (110, 158)
(110, 186) (110, 175)
(110, 197) (110, 185)
(110, 208) (110, 196)
(110, 219) (110, 207)
(110, 230) (110, 218)
(121, 120) (121, 119)
(121, 131) (121, 122)
(121, 142) (121, 142)
(121, 153) (121, 153)
(121, 164) (121, 147)
(121, 175) (121, 158)
(121, 186) (121, 175)
(121, 197) (121, 185)
(121, 208) (121, 196)
(121, 219) (121, 207)
(121, 230) (121, 219)
(132, 120) (132, 120)
(132, 131) (132, 131)
(132, 142) (132, 142)
(132, 153) (132, 137)
(132, 164) (132, 147)
(132, 175) (132, 158)
(132, 186) (132, 174)
(132, 197) (132, 185)
(132, 208) (132, 197)
(132, 219) (132, 210)
(132, 230) (132, 230)
(143, 120) (143, 120)
(143, 131) (143, 125)
(143, 142) (143, 142)
(143, 153) (143, 137)
(143, 164) (143, 147)
(143, 175) (143, 158)
(143, 186) (143, 174)
(143, 197) (143, 186)
(143, 208) (143, 198)
(143, 219) (143, 219)
(143, 230) (143, 230)
(154, 120) (154, 120)
(154, 131) (154, 131)
(154, 142) (154, 142)
(154, 153) (154, 137)
(154, 164) (154, 147)
(154, 175) (154, 158)
(154, 186) (154, 174)
(154, 197) (154, 186)
(154, 208) (154, 198)
(154, 219) (154, 219)
(154, 230) (154, 238)
(165, 120) (165, 127)
(165, 131) (165, 121)
(165, 142) (165, 142)
(165, 153) (165, 136)
(165, 164) (165, 147)
(165, 175) (165, 158)
(165, 186) (165, 174)
(165, 197) (165, 186)
(165, 208) (165, 198)
(165, 219) (165, 219)
(165, 230) (165, 228)
(176, 120) (176, 126)
(176, 131) (176, 125)
(176, 142) (176, 142)
(176, 153) (176, 137)
(176, 164) (176, 147)
(176, 175) (176, 158)
(176, 186) (176, 174)
(176, 197) (176, 185)
(176, 208) (176, 198)
(176, 219) (176, 208)
(176, 230) (176, 230)
(187, 120) (187, 124)
(187, 131) (187, 121)
(187, 142) (187, 142)
(187, 153) (187, 136)
(187, 164) (187, 147)
(187, 175) (187, 158)
(187, 186) (187, 174)
(187, 197) (187, 22)
(187, 208) (187, 197)
(187, 219) (187, 208)
(187, 230) (187, 230)
(198, 120) (198, 123)
(198, 131) (198, 121)
(198, 142) (198, 142)
(198, 153) (198, 136)
(198, 164) (198, 147)
(198, 175) (198, 158)
(198, 186) (198, 174)
(198, 197) (198, 185)
(198, 208) (198, 197)
(198, 219) (198, 208)
(198, 230) (198, 230)
(209, 120) (209, 123)
(209, 131) (209, 121)
(209, 142) (209, 142)
(209, 153) (209, 136)
(209, 164) (209, 147)
(209, 175) (209, 158)
(209, 186) (209, 186)
(209, 197) (209, 185)
(209, 208) (209, 216)
(209, 219) (209, 208)
(209, 230) (209, 230)
(220, 120) (220, 122)
(220, 131) (220, 121)
(220, 142) (220, 142)
(220, 153) (220, 136)
(220, 164) (220, 146)
(220, 175) (220, 175)
(220, 186) (220, 186)
(220, 197) (220, 184)
(220, 208) (220, 197)
(220, 219) (220, 207)
(220, 230) (220, 230)
(231, 120) (231, 121)
(231, 131) (231, 121)
(231, 142) (231, 126)
(231, 153) (231, 135)
(231, 164) (231, 146)
(231, 175) (231, 162)
(231, 186) (231, 186)
(231, 197) (231, 184)
(231, 208) (231, 207)
(231, 219) (231, 213)
(231, 230) (231, 230)
(0, 240) (0, 231)
(0, 251) (0, 238)
(0, 262) (0, 249)
(0, 273) (0, 270)
(0, 284) (0, 284)
(0, 295) (0, 295)
(0, 306) (0, 306)
(0, 317) (0, 304)
(0, 328) (0, 315)
(0, 339) (0, 326)
(0, 350) (0, 337)
(11, 240) (11, 231)
(11, 251) (11, 238)
(11, 262) (11, 249)
(11, 273) (11, 273)
(11, 284) (11, 285)
(11, 295) (11, 288)
(11, 306) (11, 293)
(11, 317) (11, 304)
(11, 328) (11, 315)
(11, 339) (11, 326)
(11, 350) (11, 337)
(22, 240) (22, 228)
(22, 251) (22, 238)
(22, 262) (22, 249)
(22, 273) (22, 260)
(22, 284) (22, 272)
(22, 295) (22, 283)
(22, 306) (22, 293)
(22, 317) (22, 304)
(22, 328) (22, 315)
(22, 339) (22, 326)
(22, 350) (22, 337)
(33, 240) (33, 228)
(33, 251) (33, 238)
(33, 262) (33, 249)
(33, 273) (33, 260)
(33, 284) (33, 271)
(33, 295) (33, 282)
(33, 306) (33, 293)
(33, 317) (33, 304)
(33, 328) (33, 315)
(33, 339) (33, 326)
(33, 350) (33, 337)
(44, 240) (44, 228)
(44, 251) (44, 238)
(44, 262) (44, 249)
(44, 273) (44, 260)
(44, 284) (44, 271)
(44, 295) (44, 282)
(44, 306) (44, 293)
(44, 317) (44, 304)
(44, 328) (44, 315)
(44, 339) (44, 325)
(44, 350) (44, 309)
(55, 240) (55, 251)
(55, 251) (55, 245)
(55, 262) (55, 256)
(55, 273) (55, 267)
(55, 284) (55, 284)
(55, 295) (55, 295)
(55, 306) (55, 306)
(55, 317) (55, 307)
(55, 328) (55, 328)
(55, 339) (55, 325)
(55, 350) (55, 350)
(66, 240) (66, 240)
(66, 251) (66, 245)
(66, 262) (66, 256)
(66, 273) (66, 273)
(66, 284) (66, 284)
(66, 295) (66, 295)
(66, 306) (66, 306)
(66, 317) (66, 307)
(66, 328) (66, 328)
(66, 339) (66, 325)
(66, 350) (66, 350)
(77, 240) (77, 251)
(77, 251) (77, 245)
(77, 262) (77, 256)
(77, 273) (77, 267)
(77, 284) (77, 274)
(77, 295) (77, 285)
(77, 306) (77, 296)
(77, 317) (77, 307)
(77, 328) (77, 314)
(77, 339) (77, 325)
(77, 350) (77, 336)
(88, 240) (88, 251)
(88, 251) (88, 245)
(88, 262) (88, 256)
(88, 273) (88, 267)
(88, 284) (88, 274)
(88, 295) (88, 285)
(88, 306) (88, 296)
(88, 317) (88, 307)
(88, 328) (88, 314)
(88, 339) (88, 325)
(88, 350) (88, 336)
(99, 240) (99, 251)
(99, 251) (99, 245)
(99, 262) (99, 256)
(99, 273) (99, 267)
(99, 284) (99, 274)
(99, 295) (99, 285)
(99, 306) (99, 296)
(99, 317) (99, 307)
(99, 328) (99, 314)
(99, 339) (99, 324)
(99, 350) (99, 335)
(110, 240) (110, 228)
(110, 251) (110, 239)
(110, 262) (110, 250)
(110, 273) (110, 261)
(110, 284) (110, 273)
(110, 295) (110, 283)
(110, 306) (110, 294)
(110, 317) (110, 305)
(110, 328) (110, 316)
(110, 339) (110, 300)
(110, 350) (110, 335)
(121, 240) (121, 230)
(121, 251) (121, 243)
(121, 262) (121, 263)
(121, 273) (121, 273)
(121, 284) (121, 284)
(121, 295) (121, 295)
(121, 306) (121, 306)
(121, 317) (121, 317)
(121, 328) (121, 331)
(121, 339) (121, 327)
(121, 350) (121, 338)
(132, 240) (132, 240)
(132, 251) (132, 251)
(132, 262) (132, 262)
(132, 273) (132, 273)
(132, 284) (132, 284)
(132, 295) (132, 295)
(132, 306) (132, 306)
(132, 317) (132, 317)
(132, 328) (132, 328)
(132, 339) (132, 339)
(132, 350) (132, 350)
(143, 240) (143, 239)
(143, 251) (143, 251)
(143, 262) (143, 262)
(143, 273) (143, 273)
(143, 284) (143, 284)
(143, 295) (143, 295)
(143, 306) (143, 306)
(143, 317) (143, 317)
(143, 328) (143, 328)
(143, 339) (143, 339)
(143, 350) (143, 353)
(154, 240) (154, 228)
(154, 251) (154, 240)
(154, 262) (154, 259)
(154, 273) (154, 273)
(154, 284) (154, 284)
(154, 295) (154, 295)
(154, 306) (154, 306)
(154, 317) (154, 308)
(154, 328) (154, 316)
(154, 339) (154, 328)
(154, 350) (154, 355)
(165, 240) (165, 251)
(165, 251) (165, 240)
(165, 262) (165, 262)
(165, 273) (165, 273)
(165, 284) (165, 284)
(165, 295) (165, 295)
(165, 306) (165, 303)
(165, 317) (165, 308)
(165, 328) (165, 326)
(165, 339) (165, 328)
(165, 350) (165, 355)
(176, 240) (176, 245)
(176, 251) (176, 240)
(176, 262) (176, 253)
(176, 273) (176, 271)
(176, 284) (176, 284)
(176, 295) (176, 284)
(176, 306) (176, 303)
(176, 317) (176, 311)
(176, 328) (176, 334)
(176, 339) (176, 336)
(176, 350) (176, 338)
(187, 240) (187, 240)
(187, 251) (187, 251)
(187, 262) (187, 262)
(187, 273) (187, 273)
(187, 284) (187, 284)
(187, 295) (187, 295)
(187, 306) (187, 306)
(187, 317) (187, 317)
(187, 328) (187, 328)
(187, 339) (187, 339)
(187, 350) (187, 349)
(198, 240) (198, 240)
(198, 251) (198, 251)
(198, 262) (198, 262)
(198, 273) (198, 273)
(198, 284) (198, 284)
(198, 295) (198, 295)
(198, 306) (198, 306)
(198, 317) (198, 317)
(198, 328) (198, 328)
(198, 339) (198, 336)
(198, 350) (198, 338)
(209, 240) (209, 228)
(209, 251) (209, 239)
(209, 262) (209, 255)
(209, 273) (209, 261)
(209, 284) (209, 271)
(209, 295) (209, 282)
(209, 306) (209, 293)
(209, 317) (209, 304)
(209, 328) (209, 312)
(209, 339) (209, 326)
(209, 350) (209, 339)
(220, 240) (220, 240)
(220, 251) (220, 239)
(220, 262) (220, 249)
(220, 273) (220, 261)
(220, 284) (220, 284)
(220, 295) (220, 295)
(220, 306) (220, 306)
(220, 317) (220, 317)
(220, 328) (220, 322)
(220, 339) (220, 326)
(220, 350) (220, 339)
(231, 240) (231, 240)
(231, 251) (231, 239)
(231, 262) (231, 262)
(231, 273) (231, 269)
(231, 284) (231, 272)
(231, 295) (231, 295)
(231, 306) (231, 307)
(231, 317) (231, 310)
(231, 328) (231, 328)
(231, 339) (231, 326)
(231, 350) (231, 338)
(0, 360) (0, 348)
(0, 371) (0, 371)
(0, 382) (0, 382)
(0, 393) (0, 381)
(0, 404) (0, 391)
(0, 415) (0, 325)
(0, 426) (0, 409)
(0, 437) (0, 420)
(0, 448) (0, 431)
(0, 459) (0, 442)
(0, 470) (0, 453)
(11, 360) (11, 348)
(11, 371) (11, 371)
(11, 382) (11, 382)
(11, 393) (11, 381)
(11, 404) (11, 391)
(11, 415) (11, 398)
(11, 426) (11, 409)
(11, 437) (11, 424)
(11, 448) (11, 439)
(11, 459) (11, 442)
(11, 470) (11, 453)
(22, 360) (22, 348)
(22, 371) (22, 371)
(22, 382) (22, 382)
(22, 393) (22, 380)
(22, 404) (22, 461)
(22, 415) (22, 398)
(22, 426) (22, 412)
(22, 437) (22, 437)
(22, 448) (22, 448)
(22, 459) (22, 458)
(22, 470) (22, 453)
(33, 360) (33, 257)
(33, 371) (33, 371)
(33, 382) (33, 382)
(33, 393) (33, 380)
(33, 404) (33, 390)
(33, 415) (33, 398)
(33, 426) (33, 426)
(33, 437) (33, 438)
(33, 448) (33, 432)
(33, 459) (33, 459)
(33, 470) (33, 453)
(44, 360) (44, 221)
(44, 371) (44, 371)
(44, 382) (44, 382)
(44, 393) (44, 380)
(44, 404) (44, 395)
(44, 415) (44, 399)
(44, 426) (44, 410)
(44, 437) (44, 439)
(44, 448) (44, 441)
(44, 459) (44, 459)
(44, 470) (44, 470)
(55, 360) (55, 353)
(55, 371) (55, 371)
(55, 382) (55, 382)
(55, 393) (55, 392)
(55, 404) (55, 404)
(55, 415) (55, 410)
(55, 426) (55, 412)
(55, 437) (55, 420)
(55, 448) (55, 431)
(55, 459) (55, 459)
(55, 470) (55, 470)
(66, 360) (66, 360)
(66, 371) (66, 373)
(66, 382) (66, 378)
(66, 393) (66, 393)
(66, 404) (66, 399)
(66, 415) (66, 408)
(66, 426) (66, 430)
(66, 437) (66, 437)
(66, 448) (66, 448)
(66, 459) (66, 459)
(66, 470) (66, 547)
(77, 360) (77, 346)
(77, 371) (77, 372)
(77, 382) (77, 386)
(77, 393) (77, 393)
(77, 404) (77, 405)
(77, 415) (77, 417)
(77, 426) (77, 411)
(77, 437) (77, 439)
(77, 448) (77, 431)
(77, 459) (77, 459)
(77, 470) (77, 470)
(88, 360) (88, 345)
(88, 371) (88, 375)
(88, 382) (88, 385)
(88, 393) (88, 393)
(88, 404) (88, 404)
(88, 415) (88, 417)
(88, 426) (88, 409)
(88, 437) (88, 429)
(88, 448) (88, 464)
(88, 459) (88, 459)
(88, 470) (88, 470)
(99, 360) (99, 345)
(99, 371) (99, 374)
(99, 382) (99, 385)
(99, 393) (99, 393)
(99, 404) (99, 404)
(99, 415) (99, 417)
(99, 426) (99, 464)
(99, 437) (99, 438)
(99, 448) (99, 453)
(99, 459) (99, 443)
(99, 470) (99, 470)
(110, 360) (110, 345)
(110, 371) (110, 375)
(110, 382) (110, 385)
(110, 393) (110, 393)
(110, 404) (110, 404)
(110, 415) (110, 417)
(110, 426) (110, 375)
(110, 437) (110, 437)
(110, 448) (110, 448)
(110, 459) (110, 461)
(110, 470) (110, 470)
(121, 360) (121, 345)
(121, 371) (121, 375)
(121, 382) (121, 385)
(121, 393) (121, 393)
(121, 404) (121, 404)
(121, 415) (121, 417)
(121, 426) (121, 449)
(121, 437) (121, 437)
(121, 448) (121, 448)
(121, 459) (121, 461)
(121, 470) (121, 467)
(132, 360) (132, 352)
(132, 371) (132, 375)
(132, 382) (132, 385)
(132, 393) (132, 393)
(132, 404) (132, 404)
(132, 415) (132, 417)
(132, 426) (132, 410)
(132, 437) (132, 438)
(132, 448) (132, 452)
(132, 459) (132, 460)
(132, 470) (132, 467)
(143, 360) (143, 358)
(143, 371) (143, 371)
(143, 382) (143, 385)
(143, 393) (143, 393)
(143, 404) (143, 404)
(143, 415) (143, 412)
(143, 426) (143, 426)
(143, 437) (143, 437)
(143, 448) (143, 439)
(143, 459) (143, 440)
(143, 470) (143, 489)
(154, 360) (154, 359)
(154, 371) (154, 371)
(154, 382) (154, 384)
(154, 393) (154, 393)
(154, 404) (154, 404)
(154, 415) (154, 417)
(154, 426) (154, 132)
(154, 437) (154, 437)
(154, 448) (154, 448)
(154, 459) (154, 449)
(154, 470) (154, 133)
(165, 360) (165, 359)
(165, 371) (165, 370)
(165, 382) (165, 384)
(165, 393) (165, 393)
(165, 404) (165, 404)
(165, 415) (165, 417)
(165, 426) (165, 131)
(165, 437) (165, 437)
(165, 448) (165, 448)
(165, 459) (165, 469)
(165, 470) (165, 470)
(176, 360) (176, 356)
(176, 371) (176, 371)
(176, 382) (176, 383)
(176, 393) (176, 393)
(176, 404) (176, 404)
(176, 415) (176, 417)
(176, 426) (176, 536)
(176, 437) (176, 437)
(176, 448) (176, 447)
(176, 459) (176, 439)
(176, 470) (176, 458)
(187, 360) (187, 357)
(187, 371) (187, 372)
(187, 382) (187, 383)
(187, 393) (187, 393)
(187, 404) (187, 404)
(187, 415) (187, 414)
(187, 426) (187, 614)
(187, 437) (187, 437)
(187, 448) (187, 439)
(187, 459) (187, 439)
(187, 470) (187, 457)
(198, 360) (198, 358)
(198, 371) (198, 372)
(198, 382) (198, 384)
(198, 393) (198, 393)
(198, 404) (198, 404)
(198, 415) (198, 413)
(198, 426) (198, 424)
(198, 437) (198, 437)
(198, 448) (198, 440)
(198, 459) (198, 458)
(198, 470) (198, 474)
(209, 360) (209, 358)
(209, 371) (209, 372)
(209, 382) (209, 384)
(209, 393) (209, 393)
(209, 404) (209, 404)
(209, 415) (209, 415)
(209, 426) (209, 410)
(209, 437) (209, 437)
(209, 448) (209, 439)
(209, 459) (209, 440)
(209, 470) (209, 465)
(220, 360) (220, 364)
(220, 371) (220, 373)
(220, 382) (220, 383)
(220, 393) (220, 377)
(220, 404) (220, 404)
(220, 415) (220, 415)
(220, 426) (220, 410)
(220, 437) (220, 437)
(220, 448) (220, 448)
(220, 459) (220, 455)
(220, 470) (220, 470)
(231, 360) (231, 358)
(231, 371) (231, 372)
(231, 382) (231, 383)
(231, 393) (231, 377)
(231, 404) (231, 404)
(231, 415) (231, 415)
(231, 426) (231, 410)
(231, 437) (231, 437)
(231, 448) (231, 448)
(231, 459) (231, 453)
(231, 470) (231, 470)
(0, 480) (0, 463)
(0, 491) (0, 475)
(0, 502) (0, 502)
(0, 513) (0, 513)
(0, 524) (0, 524)
(0, 535) (0, 535)
(0, 546) (0, 546)
(0, 557) (0, 557)
(0, 568) (0, 568)
(0, 579) (0, 579)
(0, 590) (0, 590)
(11, 480) (11, 463)
(11, 491) (11, 474)
(11, 502) (11, 502)
(11, 513) (11, 513)
(11, 524) (11, 524)
(11, 535) (11, 535)
(11, 546) (11, 546)
(11, 557) (11, 557)
(11, 568) (11, 568)
(11, 579) (11, 579)
(11, 590) (11, 590)
(22, 480) (22, 463)
(22, 491) (22, 601)
(22, 502) (22, 598)
(22, 513) (22, 598)
(22, 524) (22, 598)
(22, 535) (22, 598)
(22, 546) (22, 598)
(22, 557) (22, 597)
(22, 568) (22, 598)
(22, 579) (22, 599)
(22, 590) (22, 601)
(33, 480) (33, 506)
(33, 491) (33, 584)
(33, 502) (33, 603)
(33, 513) (33, 609)
(33, 524) (33, 609)
(33, 535) (33, 609)
(33, 546) (33, 609)
(33, 557) (33, 609)
(33, 568) (33, 609)
(33, 579) (33, 609)
(33, 590) (33, 609)
(44, 480) (44, 480)
(44, 491) (44, 491)
(44, 502) (44, 502)
(44, 513) (44, 513)
(44, 524) (44, 524)
(44, 535) (44, 535)
(44, 546) (44, 539)
(44, 557) (44, 574)
(44, 568) (44, 575)
(44, 579) (44, 582)
(44, 590) (44, 591)
(55, 480) (55, 480)
(55, 491) (55, 491)
(55, 502) (55, 502)
(55, 513) (55, 513)
(55, 524) (55, 524)
(55, 535) (55, 535)
(55, 546) (55, 546)
(55, 557) (55, 557)
(55, 568) (55, 568)
(55, 579) (55, 579)
(55, 590) (55, 590)
(66, 480) (66, 480)
(66, 491) (66, 491)
(66, 502) (66, 548)
(66, 513) (66, 574)
(66, 524) (66, 587)
(66, 535) (66, 608)
(66, 546) (66, 22)
(66, 557) (66, 21)
(66, 568) (66, 21)
(66, 579) (66, 21)
(66, 590) (66, 21)
(77, 480) (77, 480)
(77, 491) (77, 491)
(77, 502) (77, 502)
(77, 513) (77, 513)
(77, 524) (77, 524)
(77, 535) (77, 552)
(77, 546) (77, 622)
(77, 557) (77, 26)
(77, 568) (77, 26)
(77, 579) (77, 26)
(77, 590) (77, 26)
(88, 480) (88, 480)
(88, 491) (88, 491)
(88, 502) (88, 502)
(88, 513) (88, 513)
(88, 524) (88, 524)
(88, 535) (88, 533)
(88, 546) (88, 547)
(88, 557) (88, 557)
(88, 568) (88, 568)
(88, 579) (88, 579)
(88, 590) (88, 590)
(99, 480) (99, 191)
(99, 491) (99, 490)
(99, 502) (99, 502)
(99, 513) (99, 509)
(99, 524) (99, 524)
(99, 535) (99, 526)
(99, 546) (99, 544)
(99, 557) (99, 546)
(99, 568) (99, 568)
(99, 579) (99, 143)
(99, 590) (99, 590)
(110, 480) (110, 479)
(110, 491) (110, 481)
(110, 502) (110, 491)
(110, 513) (110, 590)
(110, 524) (110, 516)
(110, 535) (110, 475)
(110, 546) (110, 543)
(110, 557) (110, 545)
(110, 568) (110, 556)
(110, 579) (110, 576)
(110, 590) (110, 539)
(121, 480) (121, 488)
(121, 491) (121, 480)
(121, 502) (121, 495)
(121, 513) (121, 503)
(121, 524) (121, 543)
(121, 535) (121, 528)
(121, 546) (121, 542)
(121, 557) (121, 545)
(121, 568) (121, 607)
(121, 579) (121, 582)
(121, 590) (121, 579)
(132, 480) (132, 468)
(132, 491) (132, 480)
(132, 502) (132, 546)
(132, 513) (132, 533)
(132, 524) (132, 545)
(132, 535) (132, 541)
(132, 546) (132, 480)
(132, 557) (132, 554)
(132, 568) (132, 568)
(132, 579) (132, 582)
(132, 590) (132, 592)
(143, 480) (143, 480)
(143, 491) (143, 507)
(143, 502) (143, 507)
(143, 513) (143, 513)
(143, 524) (143, 518)
(143, 535) (143, 518)
(143, 546) (143, 514)
(143, 557) (143, 554)
(143, 568) (143, 568)
(143, 579) (143, 575)
(143, 590) (143, 502)
(154, 480) (154, 163)
(154, 491) (154, 174)
(154, 502) (154, 164)
(154, 513) (154, 175)
(154, 524) (154, 192)
(154, 535) (154, 138)
(154, 546) (154, 195)
(154, 557) (154, 553)
(154, 568) (154, 556)
(154, 579) (154, 582)
(154, 590) (154, 328)
(165, 480) (165, 474)
(165, 491) (165, 491)
(165, 502) (165, 502)
(165, 513) (165, 513)
(165, 524) (165, 534)
(165, 535) (165, 535)
(165, 546) (165, 533)
(165, 557) (165, 553)
(165, 568) (165, 555)
(165, 579) (165, 566)
(165, 590) (165, 576)
(176, 480) (176, 447)
(176, 491) (176, 498)
(176, 502) (176, 510)
(176, 513) (176, 517)
(176, 524) (176, 514)
(176, 535) (176, 542)
(176, 546) (176, 539)
(176, 557) (176, 553)
(176, 568) (176, 565)
(176, 579) (176, 554)
(176, 590) (176, 583)
(187, 480) (187, 474)
(187, 491) (187, 483)
(187, 502) (187, 487)
(187, 513) (187, 529)
(187, 524) (187, 524)
(187, 535) (187, 535)
(187, 546) (187, 542)
(187, 557) (187, 553)
(187, 568) (187, 567)
(187, 579) (187, 584)
(187, 590) (187, 576)
(198, 480) (198, 480)
(198, 491) (198, 491)
(198, 502) (198, 502)
(198, 513) (198, 513)
(198, 524) (198, 524)
(198, 535) (198, 530)
(198, 546) (198, 519)
(198, 557) (198, 525)
(198, 568) (198, 554)
(198, 579) (198, 532)
(198, 590) (198, 529)
(209, 480) (209, 414)
(209, 491) (209, 497)
(209, 502) (209, 497)
(209, 513) (209, 65)
(209, 524) (209, 491)
(209, 535) (209, 491)
(209, 546) (209, 414)
(209, 557) (209, 415)
(209, 568) (209, 554)
(209, 579) (209, 612)
(209, 590) (209, 613)
(220, 480) (220, 480)
(220, 491) (220, 491)
(220, 502) (220, 502)
(220, 513) (220, 513)
(220, 524) (220, 524)
(220, 535) (220, 535)
(220, 546) (220, 511)
(220, 557) (220, 562)
(220, 568) (220, 562)
(220, 579) (220, 579)
(220, 590) (220, 134)
(231, 480) (231, 480)
(231, 491) (231, 490)
(231, 502) (231, 490)
(231, 513) (231, 26)
(231, 524) (231, 36)
(231, 535) (231, 532)
(231, 546) (231, 546)
(231, 557) (231, 561)
(231, 568) (231, 561)
(231, 579) (231, 579)
(231, 590) (231, 589)
(0, 600) (0, 598)
(0, 611) (0, 598)
(0, 622) (0, 598)
(0, 633) (0, 598)
(11, 600) (11, 598)
(11, 611) (11, 598)
(11, 622) (11, 598)
(11, 633) (11, 598)
(22, 600) (22, 599)
(22, 611) (22, 604)
(22, 622) (22, 604)
(22, 633) (22, 604)
(33, 600) (33, 609)
(33, 611) (33, 609)
(33, 622) (33, 611)
(33, 633) (33, 611)
(44, 600) (44, 600)
(44, 611) (44, 611)
(44, 622) (44, 622)
(44, 633) (44, 628)
(55, 600) (55, 600)
(55, 611) (55, 611)
(55, 622) (55, 622)
(55, 633) (55, 633)
(66, 600) (66, 21)
(66, 611) (66, 21)
(66, 622) (66, 21)
(66, 633) (66, 28)
(77, 600) (77, 26)
(77, 611) (77, 26)
(77, 622) (77, 26)
(77, 633) (77, 6)
(88, 600) (88, 600)
(88, 611) (88, 611)
(88, 622) (88, 616)
(88, 633) (88, 622)
(99, 600) (99, 597)
(99, 611) (99, 611)
(99, 622) (99, 616)
(99, 633) (99, 630)
(110, 600) (110, 459)
(110, 611) (110, 600)
(110, 622) (110, 614)
(110, 633) (110, 633)
(121, 600) (121, 588)
(121, 611) (121, 620)
(121, 622) (121, 371)
(121, 633) (121, 45)
(132, 600) (132, 602)
(132, 611) (132, 607)
(132, 622) (132, 618)
(132, 633) (132, 622)
(143, 600) (143, 591)
(143, 611) (143, 606)
(143, 622) (143, 588)
(143, 633) (143, 593)
(154, 600) (154, 327)
(154, 611) (154, 327)
(154, 622) (154, 327)
(154, 633) (154, 327)
(165, 600) (165, 600)
(165, 611) (165, 606)
(165, 622) (165, 622)
(165, 633) (165, 633)
(176, 600) (176, 588)
(176, 611) (176, 566)
(176, 622) (176, 565)
(176, 633) (176, 633)
(187, 600) (187, 598)
(187, 611) (187, 611)
(187, 622) (187, 622)
(187, 633) (187, 633)
(198, 600) (198, 528)
(198, 611) (198, 526)
(198, 622) (198, 520)
(198, 633) (198, 512)
(209, 600) (209, 613)
(209, 611) (209, 612)
(209, 622) (209, 622)
(209, 633) (209, 414)
(220, 600) (220, 136)
(220, 611) (220, 611)
(220, 622) (220, 136)
(220, 633) (220, 136)
(231, 600) (231, 581)
(231, 611) (231, 138)
(231, 622) (231, 140)
(231, 633) (231, 140)
(240, 0) (240, 6)
(240, 11) (240, 44)
(240, 22) (240, 43)
(240, 33) (240, 43)
(240, 44) (240, 44)
(240, 55) (240, 52)
(240, 66) (240, 48)
(240, 77) (240, 77)
(240, 88) (240, 90)
(240, 99) (240, 81)
(240, 110) (240, 109)
(251, 0) (251, 6)
(251, 11) (251, 11)
(251, 22) (251, 22)
(251, 33) (251, 47)
(251, 44) (251, 48)
(251, 55) (251, 51)
(251, 66) (251, 48)
(251, 77) (251, 77)
(251, 88) (251, 91)
(251, 99) (251, 82)
(251, 110) (251, 109)
(262, 0) (262, 6)
(262, 11) (262, 11)
(262, 22) (262, 22)
(262, 33) (262, 27)
(262, 44) (262, 44)
(262, 55) (262, 51)
(262, 66) (262, 48)
(262, 77) (262, 77)
(262, 88) (262, 91)
(262, 99) (262, 81)
(262, 110) (262, 109)
(273, 0) (273, 6)
(273, 11) (273, 8)
(273, 22) (273, 18)
(273, 33) (273, 54)
(273, 44) (273, 57)
(273, 55) (273, 59)
(273, 66) (273, 78)
(273, 77) (273, 83)
(273, 88) (273, 91)
(273, 99) (273, 81)
(273, 110) (273, 109)
(284, 0) (284, 6)
(284, 11) (284, 6)
(284, 22) (284, 39)
(284, 33) (284, 160)
(284, 44) (284, 444)
(284, 55) (284, 50)
(284, 66) (284, 78)
(284, 77) (284, 59)
(284, 88) (284, 90)
(284, 99) (284, 98)
(284, 110) (284, 108)
(295, 0) (295, 6)
(295, 11) (295, 25)
(295, 22) (295, 482)
(295, 33) (295, 36)
(295, 44) (295, 19)
(295, 55) (295, 49)
(295, 66) (295, 74)
(295, 77) (295, 59)
(295, 88) (295, 88)
(295, 99) (295, 97)
(295, 110) (295, 109)
(306, 0) (306, 6)
(306, 11) (306, 19)
(306, 22) (306, 38)
(306, 33) (306, 38)
(306, 44) (306, 551)
(306, 55) (306, 49)
(306, 66) (306, 74)
(306, 77) (306, 59)
(306, 88) (306, 90)
(306, 99) (306, 99)
(306, 110) (306, 109)
(317, 0) (317, 24)
(317, 11) (317, 56)
(317, 22) (317, 59)
(317, 33) (317, 329)
(317, 44) (317, 328)
(317, 55) (317, 45)
(317, 66) (317, 69)
(317, 77) (317, 70)
(317, 88) (317, 88)
(317, 99) (317, 99)
(317, 110) (317, 109)
(328, 0) (328, 12)
(328, 11) (328, 32)
(328, 22) (328, 20)
(328, 33) (328, 33)
(328, 44) (328, 44)
(328, 55) (328, 41)
(328, 66) (328, 68)
(328, 77) (328, 97)
(328, 88) (328, 90)
(328, 99) (328, 98)
(328, 110) (328, 116)
(339, 0) (339, 8)
(339, 11) (339, 298)
(339, 22) (339, 83)
(339, 33) (339, 33)
(339, 44) (339, 48)
(339, 55) (339, 71)
(339, 66) (339, 69)
(339, 77) (339, 97)
(339, 88) (339, 90)
(339, 99) (339, 98)
(339, 110) (339, 116)
(350, 0) (350, 6)
(350, 11) (350, 416)
(350, 22) (350, 28)
(350, 33) (350, 33)
(350, 44) (350, 49)
(350, 55) (350, 70)
(350, 66) (350, 68)
(350, 77) (350, 97)
(350, 88) (350, 90)
(350, 99) (350, 98)
(350, 110) (350, 116)
(361, 0) (361, 13)
(361, 11) (361, 163)
(361, 22) (361, 111)
(361, 33) (361, 199)
(361, 44) (361, 48)
(361, 55) (361, 37)
(361, 66) (361, 68)
(361, 77) (361, 80)
(361, 88) (361, 71)
(361, 99) (361, 98)
(361, 110) (361, 110)
(372, 0) (372, 6)
(372, 11) (372, 337)
(372, 22) (372, 579)
(372, 33) (372, 17)
(372, 44) (372, 41)
(372, 55) (372, 36)
(372, 66) (372, 67)
(372, 77) (372, 79)
(372, 88) (372, 71)
(372, 99) (372, 98)
(372, 110) (372, 113)
(383, 0) (383, 6)
(383, 11) (383, 23)
(383, 22) (383, 17)
(383, 33) (383, 33)
(383, 44) (383, 40)
(383, 55) (383, 70)
(383, 66) (383, 66)
(383, 77) (383, 79)
(383, 88) (383, 69)
(383, 99) (383, 98)
(383, 110) (383, 111)
(394, 0) (394, 6)
(394, 11) (394, 448)
(394, 22) (394, 30)
(394, 33) (394, 40)
(394, 44) (394, 48)
(394, 55) (394, 69)
(394, 66) (394, 59)
(394, 77) (394, 79)
(394, 88) (394, 69)
(394, 99) (394, 98)
(394, 110) (394, 111)
(405, 0) (405, 7)
(405, 11) (405, 43)
(405, 22) (405, 16)
(405, 33) (405, 33)
(405, 44) (405, 47)
(405, 55) (405, 69)
(405, 66) (405, 58)
(405, 77) (405, 78)
(405, 88) (405, 69)
(405, 99) (405, 98)
(405, 110) (405, 110)
(416, 0) (416, 6)
(416, 11) (416, 507)
(416, 22) (416, 28)
(416, 33) (416, 33)
(416, 44) (416, 48)
(416, 55) (416, 67)
(416, 66) (416, 72)
(416, 77) (416, 79)
(416, 88) (416, 68)
(416, 99) (416, 98)
(416, 110) (416, 110)
(427, 0) (427, 6)
(427, 11) (427, 21)
(427, 22) (427, 24)
(427, 33) (427, 33)
(427, 44) (427, 35)
(427, 55) (427, 67)
(427, 66) (427, 57)
(427, 77) (427, 78)
(427, 88) (427, 69)
(427, 99) (427, 97)
(427, 110) (427, 110)
(438, 0) (438, 8)
(438, 11) (438, 19)
(438, 22) (438, 22)
(438, 33) (438, 33)
(438, 44) (438, 38)
(438, 55) (438, 62)
(438, 66) (438, 58)
(438, 77) (438, 79)
(438, 88) (438, 69)
(438, 99) (438, 97)
(438, 110) (438, 102)
(449, 0) (449, 6)
(449, 11) (449, 11)
(449, 22) (449, 26)
(449, 33) (449, 36)
(449, 44) (449, 33)
(449, 55) (449, 62)
(449, 66) (449, 57)
(449, 77) (449, 78)
(449, 88) (449, 86)
(449, 99) (449, 97)
(449, 110) (449, 90)
(460, 0) (460, 6)
(460, 11) (460, 9)
(460, 22) (460, 51)
(460, 33) (460, 46)
(460, 44) (460, 33)
(460, 55) (460, 57)
(460, 66) (460, 47)
(460, 77) (460, 78)
(460, 88) (460, 86)
(460, 99) (460, 96)
(460, 110) (460, 98)
(471, 0) (471, 6)
(471, 11) (471, 22)
(471, 22) (471, 334)
(471, 33) (471, 14)
(471, 44) (471, 32)
(471, 55) (471, 57)
(471, 66) (471, 70)
(471, 77) (471, 78)
(471, 88) (471, 85)
(471, 99) (471, 98)
(471, 110) (471, 101)
(240, 120) (240, 122)
(240, 131) (240, 121)
(240, 142) (240, 126)
(240, 153) (240, 135)
(240, 164) (240, 146)
(240, 175) (240, 162)
(240, 186) (240, 173)
(240, 197) (240, 185)
(240, 208) (240, 207)
(240, 219) (240, 221)
(240, 230) (240, 231)
(251, 120) (251, 121)
(251, 131) (251, 121)
(251, 142) (251, 142)
(251, 153) (251, 135)
(251, 164) (251, 146)
(251, 175) (251, 162)
(251, 186) (251, 173)
(251, 197) (251, 154)
(251, 208) (251, 207)
(251, 219) (251, 208)
(251, 230) (251, 230)
(262, 120) (262, 122)
(262, 131) (262, 121)
(262, 142) (262, 142)
(262, 153) (262, 135)
(262, 164) (262, 146)
(262, 175) (262, 162)
(262, 186) (262, 173)
(262, 197) (262, 154)
(262, 208) (262, 196)
(262, 219) (262, 216)
(262, 230) (262, 230)
(273, 120) (273, 102)
(273, 131) (273, 131)
(273, 142) (273, 125)
(273, 153) (273, 135)
(273, 164) (273, 146)
(273, 175) (273, 175)
(273, 186) (273, 167)
(273, 197) (273, 148)
(273, 208) (273, 218)
(273, 219) (273, 211)
(273, 230) (273, 219)
(284, 120) (284, 102)
(284, 131) (284, 131)
(284, 142) (284, 125)
(284, 153) (284, 135)
(284, 164) (284, 146)
(284, 175) (284, 162)
(284, 186) (284, 166)
(284, 197) (284, 177)
(284, 208) (284, 220)
(284, 219) (284, 211)
(284, 230) (284, 230)
(295, 120) (295, 102)
(295, 131) (295, 131)
(295, 142) (295, 142)
(295, 153) (295, 135)
(295, 164) (295, 146)
(295, 175) (295, 155)
(295, 186) (295, 166)
(295, 197) (295, 177)
(295, 208) (295, 195)
(295, 219) (295, 210)
(295, 230) (295, 230)
(306, 120) (306, 101)
(306, 131) (306, 131)
(306, 142) (306, 125)
(306, 153) (306, 135)
(306, 164) (306, 146)
(306, 175) (306, 155)
(306, 186) (306, 166)
(306, 197) (306, 177)
(306, 208) (306, 201)
(306, 219) (306, 211)
(306, 230) (306, 230)
(317, 120) (317, 109)
(317, 131) (317, 131)
(317, 142) (317, 125)
(317, 153) (317, 135)
(317, 164) (317, 146)
(317, 175) (317, 155)
(317, 186) (317, 166)
(317, 197) (317, 177)
(317, 208) (317, 201)
(317, 219) (317, 205)
(317, 230) (317, 230)
(328, 120) (328, 109)
(328, 131) (328, 131)
(328, 142) (328, 125)
(328, 153) (328, 135)
(328, 164) (328, 145)
(328, 175) (328, 154)
(328, 186) (328, 165)
(328, 197) (328, 176)
(328, 208) (328, 200)
(328, 219) (328, 210)
(328, 230) (328, 230)
(339, 120) (339, 109)
(339, 131) (339, 131)
(339, 142) (339, 124)
(339, 153) (339, 134)
(339, 164) (339, 145)
(339, 175) (339, 154)
(339, 186) (339, 165)
(339, 197) (339, 176)
(339, 208) (339, 211)
(339, 219) (339, 205)
(339, 230) (339, 230)
(350, 120) (350, 109)
(350, 131) (350, 131)
(350, 142) (350, 124)
(350, 153) (350, 134)
(350, 164) (350, 145)
(350, 175) (350, 161)
(350, 186) (350, 165)
(350, 197) (350, 189)
(350, 208) (350, 201)
(350, 219) (350, 219)
(350, 230) (350, 230)
(361, 120) (361, 109)
(361, 131) (361, 131)
(361, 142) (361, 123)
(361, 153) (361, 134)
(361, 164) (361, 145)
(361, 175) (361, 160)
(361, 186) (361, 165)
(361, 197) (361, 184)
(361, 208) (361, 194)
(361, 219) (361, 211)
(361, 230) (361, 222)
(372, 120) (372, 108)
(372, 131) (372, 131)
(372, 142) (372, 123)
(372, 153) (372, 134)
(372, 164) (372, 145)
(372, 175) (372, 160)
(372, 186) (372, 171)
(372, 197) (372, 202)
(372, 208) (372, 208)
(372, 219) (372, 219)
(372, 230) (372, 230)
(383, 120) (383, 108)
(383, 131) (383, 131)
(383, 142) (383, 124)
(383, 153) (383, 134)
(383, 164) (383, 145)
(383, 175) (383, 160)
(383, 186) (383, 171)
(383, 197) (383, 197)
(383, 208) (383, 208)
(383, 219) (383, 204)
(383, 230) (383, 135)
(394, 120) (394, 108)
(394, 131) (394, 131)
(394, 142) (394, 123)
(394, 153) (394, 134)
(394, 164) (394, 145)
(394, 175) (394, 160)
(394, 186) (394, 171)
(394, 197) (394, 182)
(394, 208) (394, 208)
(394, 219) (394, 204)
(394, 230) (394, 215)
(405, 120) (405, 108)
(405, 131) (405, 131)
(405, 142) (405, 123)
(405, 153) (405, 134)
(405, 164) (405, 145)
(405, 175) (405, 159)
(405, 186) (405, 170)
(405, 197) (405, 202)
(405, 208) (405, 208)
(405, 219) (405, 205)
(405, 230) (405, 215)
(416, 120) (416, 109)
(416, 131) (416, 113)
(416, 142) (416, 123)
(416, 153) (416, 134)
(416, 164) (416, 148)
(416, 175) (416, 159)
(416, 186) (416, 170)
(416, 197) (416, 197)
(416, 208) (416, 208)
(416, 219) (416, 204)
(416, 230) (416, 129)
(427, 120) (427, 109)
(427, 131) (427, 113)
(427, 142) (427, 123)
(427, 153) (427, 133)
(427, 164) (427, 148)
(427, 175) (427, 159)
(427, 186) (427, 170)
(427, 197) (427, 197)
(427, 208) (427, 208)
(427, 219) (427, 204)
(427, 230) (427, 129)
(438, 120) (438, 109)
(438, 131) (438, 131)
(438, 142) (438, 123)
(438, 153) (438, 133)
(438, 164) (438, 148)
(438, 175) (438, 159)
(438, 186) (438, 170)
(438, 197) (438, 197)
(438, 208) (438, 208)
(438, 219) (438, 203)
(438, 230) (438, 129)
(449, 120) (449, 120)
(449, 131) (449, 131)
(449, 142) (449, 122)
(449, 153) (449, 133)
(449, 164) (449, 148)
(449, 175) (449, 159)
(449, 186) (449, 199)
(449, 197) (449, 197)
(449, 208) (449, 208)
(449, 219) (449, 204)
(449, 230) (449, 129)
(460, 120) (460, 120)
(460, 131) (460, 113)
(460, 142) (460, 122)
(460, 153) (460, 133)
(460, 164) (460, 148)
(460, 175) (460, 158)
(460, 186) (460, 169)
(460, 197) (460, 197)
(460, 208) (460, 208)
(460, 219) (460, 203)
(460, 230) (460, 264)
(471, 120) (471, 120)
(471, 131) (471, 113)
(471, 142) (471, 122)
(471, 153) (471, 133)
(471, 164) (471, 148)
(471, 175) (471, 158)
(471, 186) (471, 169)
(471, 197) (471, 197)
(471, 208) (471, 208)
(471, 219) (471, 202)
(471, 230) (471, 232)
(240, 240) (240, 242)
(240, 251) (240, 251)
(240, 262) (240, 258)
(240, 273) (240, 261)
(240, 284) (240, 272)
(240, 295) (240, 284)
(240, 306) (240, 300)
(240, 317) (240, 305)
(240, 328) (240, 328)
(240, 339) (240, 336)
(240, 350) (240, 337)
(251, 240) (251, 240)
(251, 251) (251, 251)
(251, 262) (251, 258)
(251, 273) (251, 276)
(251, 284) (251, 274)
(251, 295) (251, 295)
(251, 306) (251, 306)
(251, 317) (251, 304)
(251, 328) (251, 328)
(251, 339) (251, 334)
(251, 350) (251, 341)
(262, 240) (262, 240)
(262, 251) (262, 251)
(262, 262) (262, 262)
(262, 273) (262, 273)
(262, 284) (262, 284)
(262, 295) (262, 295)
(262, 306) (262, 306)
(262, 317) (262, 317)
(262, 328) (262, 325)
(262, 339) (262, 326)
(262, 350) (262, 341)
(273, 240) (273, 226)
(273, 251) (273, 251)
(273, 262) (273, 262)
(273, 273) (273, 273)
(273, 284) (273, 284)
(273, 295) (273, 295)
(273, 306) (273, 306)
(273, 317) (273, 313)
(273, 328) (273, 313)
(273, 339) (273, 343)
(273, 350) (273, 351)
(284, 240) (284, 240)
(284, 251) (284, 237)
(284, 262) (284, 262)
(284, 273) (284, 273)
(284, 284) (284, 280)
(284, 295) (284, 291)
(284, 306) (284, 306)
(284, 317) (284, 317)
(284, 328) (284, 324)
(284, 339) (284, 341)
(284, 350) (284, 352)
(295, 240) (295, 226)
(295, 251) (295, 237)
(295, 262) (295, 248)
(295, 273) (295, 268)
(295, 284) (295, 279)
(295, 295) (295, 291)
(295, 306) (295, 303)
(295, 317) (295, 317)
(295, 328) (295, 326)
(295, 339) (295, 325)
(295, 350) (295, 352)
(306, 240) (306, 226)
(306, 251) (306, 237)
(306, 262) (306, 271)
(306, 273) (306, 271)
(306, 284) (306, 279)
(306, 295) (306, 291)
(306, 306) (306, 303)
(306, 317) (306, 314)
(306, 328) (306, 335)
(306, 339) (306, 340)
(306, 350) (306, 351)
(317, 240) (317, 126)
(317, 251) (317, 264)
(317, 262) (317, 265)
(317, 273) (317, 273)
(317, 284) (317, 283)
(317, 295) (317, 291)
(317, 306) (317, 303)
(317, 317) (317, 317)
(317, 328) (317, 333)
(317, 339) (317, 340)
(317, 350) (317, 352)
(328, 240) (328, 240)
(328, 251) (328, 251)
(328, 262) (328, 262)
(328, 273) (328, 273)
(328, 284) (328, 284)
(328, 295) (328, 295)
(328, 306) (328, 303)
(328, 317) (328, 317)
(328, 328) (328, 212)
(328, 339) (328, 341)
(328, 350) (328, 352)
(339, 240) (339, 240)
(339, 251) (339, 251)
(339, 262) (339, 262)
(339, 273) (339, 273)
(339, 284) (339, 284)
(339, 295) (339, 295)
(339, 306) (339, 306)
(339, 317) (339, 317)
(339, 328) (339, 326)
(339, 339) (339, 337)
(339, 350) (339, 352)
(350, 240) (350, 240)
(350, 251) (350, 251)
(350, 262) (350, 262)
(350, 273) (350, 273)
(350, 284) (350, 284)
(350, 295) (350, 295)
(350, 306) (350, 306)
(350, 317) (350, 317)
(350, 328) (350, 326)
(350, 339) (350, 339)
(350, 350) (350, 352)
(361, 240) (361, 298)
(361, 251) (361, 293)
(361, 262) (361, 289)
(361, 273) (361, 295)
(361, 284) (361, 296)
(361, 295) (361, 295)
(361, 306) (361, 306)
(361, 317) (361, 317)
(361, 328) (361, 329)
(361, 339) (361, 326)
(361, 350) (361, 358)
(372, 240) (372, 232)
(372, 251) (372, 251)
(372, 262) (372, 262)
(372, 273) (372, 279)
(372, 284) (372, 283)
(372, 295) (372, 295)
(372, 306) (372, 306)
(372, 317) (372, 317)
(372, 328) (372, 326)
(372, 339) (372, 327)
(372, 350) (372, 356)
(383, 240) (383, 145)
(383, 251) (383, 145)
(383, 262) (383, 145)
(383, 273) (383, 273)
(383, 284) (383, 284)
(383, 295) (383, 127)
(383, 306) (383, 306)
(383, 317) (383, 317)
(383, 328) (383, 328)
(383, 339) (383, 336)
(383, 350) (383, 334)
(394, 240) (394, 141)
(394, 251) (394, 152)
(394, 262) (394, 262)
(394, 273) (394, 273)
(394, 284) (394, 290)
(394, 295) (394, 138)
(394, 306) (394, 151)
(394, 317) (394, 147)
(394, 328) (394, 148)
(394, 339) (394, 321)
(394, 350) (394, 334)
(405, 240) (405, 138)
(405, 251) (405, 236)
(405, 262) (405, 262)
(405, 273) (405, 273)
(405, 284) (405, 269)
(405, 295) (405, 280)
(405, 306) (405, 292)
(405, 317) (405, 298)
(405, 328) (405, 310)
(405, 339) (405, 322)
(405, 350) (405, 333)
(416, 240) (416, 139)
(416, 251) (416, 256)
(416, 262) (416, 262)
(416, 273) (416, 258)
(416, 284) (416, 269)
(416, 295) (416, 280)
(416, 306) (416, 291)
(416, 317) (416, 298)
(416, 328) (416, 310)
(416, 339) (416, 321)
(416, 350) (416, 332)
(427, 240) (427, 139)
(427, 251) (427, 251)
(427, 262) (427, 262)
(427, 273) (427, 258)
(427, 284) (427, 269)
(427, 295) (427, 280)
(427, 306) (427, 291)
(427, 317) (427, 298)
(427, 328) (427, 310)
(427, 339) (427, 320)
(427, 350) (427, 332)
(438, 240) (438, 139)
(438, 251) (438, 251)
(438, 262) (438, 288)
(438, 273) (438, 288)
(438, 284) (438, 269)
(438, 295) (438, 280)
(438, 306) (438, 291)
(438, 317) (438, 298)
(438, 328) (438, 310)
(438, 339) (438, 320)
(438, 350) (438, 352)
(449, 240) (449, 253)
(449, 251) (449, 251)
(449, 262) (449, 288)
(449, 273) (449, 288)
(449, 284) (449, 288)
(449, 295) (449, 280)
(449, 306) (449, 290)
(449, 317) (449, 298)
(449, 328) (449, 310)
(449, 339) (449, 320)
(449, 350) (449, 351)
(460, 240) (460, 240)
(460, 251) (460, 251)
(460, 262) (460, 287)
(460, 273) (460, 287)
(460, 284) (460, 287)
(460, 295) (460, 288)
(460, 306) (460, 290)
(460, 317) (460, 298)
(460, 328) (460, 310)
(460, 339) (460, 321)
(460, 350) (460, 351)
(471, 240) (471, 240)
(471, 251) (471, 251)
(471, 262) (471, 287)
(471, 273) (471, 287)
(471, 284) (471, 287)
(471, 295) (471, 290)
(471, 306) (471, 290)
(471, 317) (471, 298)
(471, 328) (471, 310)
(471, 339) (471, 321)
(471, 350) (471, 353)
(240, 360) (240, 365)
(240, 371) (240, 373)
(240, 382) (240, 383)
(240, 393) (240, 377)
(240, 404) (240, 404)
(240, 415) (240, 415)
(240, 426) (240, 410)
(240, 437) (240, 437)
(240, 448) (240, 448)
(240, 459) (240, 454)
(240, 470) (240, 470)
(251, 360) (251, 363)
(251, 371) (251, 372)
(251, 382) (251, 383)
(251, 393) (251, 377)
(251, 404) (251, 404)
(251, 415) (251, 415)
(251, 426) (251, 423)
(251, 437) (251, 437)
(251, 448) (251, 438)
(251, 459) (251, 439)
(251, 470) (251, 470)
(262, 360) (262, 347)
(262, 371) (262, 372)
(262, 382) (262, 383)
(262, 393) (262, 376)
(262, 404) (262, 404)
(262, 415) (262, 415)
(262, 426) (262, 424)
(262, 437) (262, 436)
(262, 448) (262, 448)
(262, 459) (262, 473)
(262, 470) (262, 470)
(273, 360) (273, 346)
(273, 371) (273, 373)
(273, 382) (273, 383)
(273, 393) (273, 376)
(273, 404) (273, 403)
(273, 415) (273, 415)
(273, 426) (273, 424)
(273, 437) (273, 417)
(273, 448) (273, 447)
(273, 459) (273, 448)
(273, 470) (273, 472)
(284, 360) (284, 361)
(284, 371) (284, 372)
(284, 382) (284, 383)
(284, 393) (284, 376)
(284, 404) (284, 404)
(284, 415) (284, 415)
(284, 426) (284, 427)
(284, 437) (284, 415)
(284, 448) (284, 437)
(284, 459) (284, 438)
(284, 470) (284, 467)
(295, 360) (295, 362)
(295, 371) (295, 373)
(295, 382) (295, 382)
(295, 393) (295, 376)
(295, 404) (295, 404)
(295, 415) (295, 415)
(295, 426) (295, 427)
(295, 437) (295, 378)
(295, 448) (295, 448)
(295, 459) (295, 449)
(295, 470) (295, 451)
(306, 360) (306, 361)
(306, 371) (306, 373)
(306, 382) (306, 382)
(306, 393) (306, 375)
(306, 404) (306, 404)
(306, 415) (306, 415)
(306, 426) (306, 428)
(306, 437) (306, 455)
(306, 448) (306, 447)
(306, 459) (306, 459)
(306, 470) (306, 470)
(317, 360) (317, 361)
(317, 371) (317, 372)
(317, 382) (317, 382)
(317, 393) (317, 375)
(317, 404) (317, 404)
(317, 415) (317, 417)
(317, 426) (317, 428)
(317, 437) (317, 456)
(317, 448) (317, 448)
(317, 459) (317, 459)
(317, 470) (317, 449)
(328, 360) (328, 361)
(328, 371) (328, 372)
(328, 382) (328, 382)
(328, 393) (328, 394)
(328, 404) (328, 404)
(328, 415) (328, 417)
(328, 426) (328, 429)
(328, 437) (328, 547)
(328, 448) (328, 447)
(328, 459) (328, 456)
(328, 470) (328, 479)
(339, 360) (339, 363)
(339, 371) (339, 372)
(339, 382) (339, 382)
(339, 393) (339, 393)
(339, 404) (339, 404)
(339, 415) (339, 418)
(339, 426) (339, 428)
(339, 437) (339, 437)
(339, 448) (339, 437)
(339, 459) (339, 470)
(339, 470) (339, 464)
(350, 360) (350, 362)
(350, 371) (350, 372)
(350, 382) (350, 382)
(350, 393) (350, 393)
(350, 404) (350, 404)
(350, 415) (350, 413)
(350, 426) (350, 428)
(350, 437) (350, 437)
(350, 448) (350, 446)
(350, 459) (350, 457)
(350, 470) (350, 470)
(361, 360) (361, 363)
(361, 371) (361, 371)
(361, 382) (361, 382)
(361, 393) (361, 393)
(361, 404) (361, 404)
(361, 415) (361, 418)
(361, 426) (361, 428)
(361, 437) (361, 175)
(361, 448) (361, 447)
(361, 459) (361, 447)
(361, 470) (361, 477)
(372, 360) (372, 366)
(372, 371) (372, 371)
(372, 382) (372, 382)
(372, 393) (372, 393)
(372, 404) (372, 404)
(372, 415) (372, 396)
(372, 426) (372, 428)
(372, 437) (372, 120)
(372, 448) (372, 447)
(372, 459) (372, 459)
(372, 470) (372, 448)
(383, 360) (383, 360)
(383, 371) (383, 371)
(383, 382) (383, 382)
(383, 393) (383, 393)
(383, 404) (383, 404)
(383, 415) (383, 396)
(383, 426) (383, 428)
(383, 437) (383, 119)
(383, 448) (383, 446)
(383, 459) (383, 459)
(383, 470) (383, 469)
(394, 360) (394, 360)
(394, 371) (394, 378)
(394, 382) (394, 382)
(394, 393) (394, 393)
(394, 404) (394, 404)
(394, 415) (394, 414)
(394, 426) (394, 427)
(394, 437) (394, 119)
(394, 448) (394, 446)
(394, 459) (394, 447)
(394, 470) (394, 447)
(405, 360) (405, 360)
(405, 371) (405, 374)
(405, 382) (405, 382)
(405, 393) (405, 393)
(405, 404) (405, 404)
(405, 415) (405, 414)
(405, 426) (405, 428)
(405, 437) (405, 203)
(405, 448) (405, 447)
(405, 459) (405, 448)
(405, 470) (405, 470)
(416, 360) (416, 360)
(416, 371) (416, 371)
(416, 382) (416, 382)
(416, 393) (416, 393)
(416, 404) (416, 404)
(416, 415) (416, 415)
(416, 426) (416, 427)
(416, 437) (416, 417)
(416, 448) (416, 447)
(416, 459) (416, 447)
(416, 470) (416, 448)
(427, 360) (427, 360)
(427, 371) (427, 371)
(427, 382) (427, 381)
(427, 393) (427, 393)
(427, 404) (427, 404)
(427, 415) (427, 415)
(427, 426) (427, 427)
(427, 437) (427, 417)
(427, 448) (427, 448)
(427, 459) (427, 448)
(427, 470) (427, 477)
(438, 360) (438, 360)
(438, 371) (438, 371)
(438, 382) (438, 381)
(438, 393) (438, 393)
(438, 404) (438, 403)
(438, 415) (438, 415)
(438, 426) (438, 427)
(438, 437) (438, 417)
(438, 448) (438, 424)
(438, 459) (438, 447)
(438, 470) (438, 476)
(449, 360) (449, 360)
(449, 371) (449, 371)
(449, 382) (449, 382)
(449, 393) (449, 393)
(449, 404) (449, 404)
(449, 415) (449, 415)
(449, 426) (449, 427)
(449, 437) (449, 417)
(449, 448) (449, 433)
(449, 459) (449, 460)
(449, 470) (449, 446)
(460, 360) (460, 360)
(460, 371) (460, 371)
(460, 382) (460, 381)
(460, 393) (460, 393)
(460, 404) (460, 403)
(460, 415) (460, 414)
(460, 426) (460, 426)
(460, 437) (460, 429)
(460, 448) (460, 314)
(460, 459) (460, 459)
(460, 470) (460, 464)
(471, 360) (471, 360)
(471, 371) (471, 371)
(471, 382) (471, 386)
(471, 393) (471, 393)
(471, 404) (471, 404)
(471, 415) (471, 415)
(471, 426) (471, 426)
(471, 437) (471, 430)
(471, 448) (471, 314)
(471, 459) (471, 444)
(471, 470) (471, 471)
(240, 480) (240, 481)
(240, 491) (240, 511)
(240, 502) (240, 489)
(240, 513) (240, 506)
(240, 524) (240, 586)
(240, 535) (240, 530)
(240, 546) (240, 552)
(240, 557) (240, 543)
(240, 568) (240, 561)
(240, 579) (240, 579)
(240, 590) (240, 584)
(251, 480) (251, 480)
(251, 491) (251, 485)
(251, 502) (251, 487)
(251, 513) (251, 315)
(251, 524) (251, 524)
(251, 535) (251, 594)
(251, 546) (251, 588)
(251, 557) (251, 526)
(251, 568) (251, 561)
(251, 579) (251, 592)
(251, 590) (251, 251)
(262, 480) (262, 474)
(262, 491) (262, 496)
(262, 502) (262, 487)
(262, 513) (262, 520)
(262, 524) (262, 15)
(262, 535) (262, 478)
(262, 546) (262, 482)
(262, 557) (262, 510)
(262, 568) (262, 567)
(262, 579) (262, 564)
(262, 590) (262, 23)
(273, 480) (273, 478)
(273, 491) (273, 483)
(273, 502) (273, 487)
(273, 513) (273, 499)
(273, 524) (273, 482)
(273, 535) (273, 479)
(273, 546) (273, 486)
(273, 557) (273, 451)
(273, 568) (273, 552)
(273, 579) (273, 542)
(273, 590) (273, 536)
(284, 480) (284, 470)
(284, 491) (284, 485)
(284, 502) (284, 502)
(284, 513) (284, 484)
(284, 524) (284, 485)
(284, 535) (284, 470)
(284, 546) (284, 504)
(284, 557) (284, 505)
(284, 568) (284, 552)
(284, 579) (284, 540)
(284, 590) (284, 617)
(295, 480) (295, 154)
(295, 491) (295, 154)
(295, 502) (295, 154)
(295, 513) (295, 154)
(295, 524) (295, 521)
(295, 535) (295, 535)
(295, 546) (295, 154)
(295, 557) (295, 154)
(295, 568) (295, 564)
(295, 579) (295, 563)
(295, 590) (295, 525)
(306, 480) (306, 626)
(306, 491) (306, 235)
(306, 502) (306, 237)
(306, 513) (306, 237)
(306, 524) (306, 280)
(306, 535) (306, 129)
(306, 546) (306, 242)
(306, 557) (306, 288)
(306, 568) (306, 563)
(306, 579) (306, 553)
(306, 590) (306, 16)
(317, 480) (317, 467)
(317, 491) (317, 491)
(317, 502) (317, 488)
(317, 513) (317, 497)
(317, 524) (317, 510)
(317, 535) (317, 535)
(317, 546) (317, 546)
(317, 557) (317, 129)
(317, 568) (317, 565)
(317, 579) (317, 563)
(317, 590) (317, 573)
(328, 480) (328, 473)
(328, 491) (328, 476)
(328, 502) (328, 502)
(328, 513) (328, 513)
(328, 524) (328, 514)
(328, 535) (328, 536)
(328, 546) (328, 546)
(328, 557) (328, 179)
(328, 568) (328, 566)
(328, 579) (328, 563)
(328, 590) (328, 213)
(339, 480) (339, 464)
(339, 491) (339, 474)
(339, 502) (339, 488)
(339, 513) (339, 507)
(339, 524) (339, 451)
(339, 535) (339, 521)
(339, 546) (339, 466)
(339, 557) (339, 553)
(339, 568) (339, 487)
(339, 579) (339, 563)
(339, 590) (339, 414)
(350, 480) (350, 464)
(350, 491) (350, 491)
(350, 502) (350, 502)
(350, 513) (350, 513)
(350, 524) (350, 524)
(350, 535) (350, 178)
(350, 546) (350, 546)
(350, 557) (350, 557)
(350, 568) (350, 377)
(350, 579) (350, 563)
(350, 590) (350, 295)
(361, 480) (361, 480)
(361, 491) (361, 491)
(361, 502) (361, 493)
(361, 513) (361, 495)
(361, 524) (361, 506)
(361, 535) (361, 494)
(361, 546) (361, 530)
(361, 557) (361, 557)
(361, 568) (361, 554)
(361, 579) (361, 563)
(361, 590) (361, 561)
(372, 480) (372, 480)
(372, 491) (372, 479)
(372, 502) (372, 480)
(372, 513) (372, 468)
(372, 524) (372, 462)
(372, 535) (372, 538)
(372, 546) (372, 558)
(372, 557) (372, 223)
(372, 568) (372, 562)
(372, 579) (372, 573)
(372, 590) (372, 448)
(383, 480) (383, 480)
(383, 491) (383, 491)
(383, 502) (383, 502)
(383, 513) (383, 513)
(383, 524) (383, 518)
(383, 535) (383, 536)
(383, 546) (383, 547)
(383, 557) (383, 558)
(383, 568) (383, 570)
(383, 579) (383, 570)
(383, 590) (383, 609)
(394, 480) (394, 465)
(394, 491) (394, 475)
(394, 502) (394, 498)
(394, 513) (394, 499)
(394, 524) (394, 512)
(394, 535) (394, 526)
(394, 546) (394, 538)
(394, 557) (394, 557)
(394, 568) (394, 580)
(394, 579) (394, 562)
(394, 590) (394, 590)
(405, 480) (405, 481)
(405, 491) (405, 491)
(405, 502) (405, 490)
(405, 513) (405, 513)
(405, 524) (405, 521)
(405, 535) (405, 520)
(405, 546) (405, 528)
(405, 557) (405, 566)
(405, 568) (405, 564)
(405, 579) (405, 562)
(405, 590) (405, 574)
(416, 480) (416, 464)
(416, 491) (416, 489)
(416, 502) (416, 502)
(416, 513) (416, 506)
(416, 524) (416, 515)
(416, 535) (416, 515)
(416, 546) (416, 529)
(416, 557) (416, 557)
(416, 568) (416, 568)
(416, 579) (416, 571)
(416, 590) (416, 572)
(427, 480) (427, 463)
(427, 491) (427, 500)
(427, 502) (427, 493)
(427, 513) (427, 496)
(427, 524) (427, 524)
(427, 535) (427, 531)
(427, 546) (427, 557)
(427, 557) (427, 532)
(427, 568) (427, 570)
(427, 579) (427, 583)
(427, 590) (427, 584)
(438, 480) (438, 472)
(438, 491) (438, 500)
(438, 502) (438, 502)
(438, 513) (438, 513)
(438, 524) (438, 524)
(438, 535) (438, 533)
(438, 546) (438, 556)
(438, 557) (438, 557)
(438, 568) (438, 549)
(438, 579) (438, 562)
(438, 590) (438, 590)
(449, 480) (449, 480)
(449, 491) (449, 491)
(449, 502) (449, 502)
(449, 513) (449, 516)
(449, 524) (449, 524)
(449, 535) (449, 531)
(449, 546) (449, 539)
(449, 557) (449, 542)
(449, 568) (449, 561)
(449, 579) (449, 562)
(449, 590) (449, 590)
(460, 480) (460, 461)
(460, 491) (460, 491)
(460, 502) (460, 502)
(460, 513) (460, 509)
(460, 524) (460, 516)
(460, 535) (460, 517)
(460, 546) (460, 538)
(460, 557) (460, 541)
(460, 568) (460, 558)
(460, 579) (460, 579)
(460, 590) (460, 590)
(471, 480) (471, 480)
(471, 491) (471, 491)
(471, 502) (471, 502)
(471, 513) (471, 499)
(471, 524) (471, 516)
(471, 535) (471, 517)
(471, 546) (471, 528)
(471, 557) (471, 557)
(471, 568) (471, 551)
(471, 579) (471, 579)
(471, 590) (471, 590)
(240, 600) (240, 598)
(240, 611) (240, 613)
(240, 622) (240, 622)
(240, 633) (240, 633)
(251, 600) (251, 231)
(251, 611) (251, 496)
(251, 622) (251, 337)
(251, 633) (251, 496)
(262, 600) (262, 23)
(262, 611) (262, 619)
(262, 622) (262, 622)
(262, 633) (262, 632)
(273, 600) (273, 536)
(273, 611) (273, 544)
(273, 622) (273, 545)
(273, 633) (273, 545)
(284, 600) (284, 618)
(284, 611) (284, 545)
(284, 622) (284, 551)
(284, 633) (284, 309)
(295, 600) (295, 531)
(295, 611) (295, 613)
(295, 622) (295, 622)
(295, 633) (295, 633)
(306, 600) (306, 24)
(306, 611) (306, 618)
(306, 622) (306, 549)
(306, 633) (306, 56)
(317, 600) (317, 534)
(317, 611) (317, 558)
(317, 622) (317, 364)
(317, 633) (317, 617)
(328, 600) (328, 252)
(328, 611) (328, 257)
(328, 622) (328, 241)
(328, 633) (328, 241)
(339, 600) (339, 622)
(339, 611) (339, 623)
(339, 622) (339, 624)
(339, 633) (339, 435)
(350, 600) (350, 262)
(350, 611) (350, 299)
(350, 622) (350, 481)
(350, 633) (350, 633)
(361, 600) (361, 627)
(361, 611) (361, 627)
(361, 622) (361, 112)
(361, 633) (361, 633)
(372, 600) (372, 527)
(372, 611) (372, 201)
(372, 622) (372, 191)
(372, 633) (372, 453)
(383, 600) (383, 55)
(383, 611) (383, 47)
(383, 622) (383, 616)
(383, 633) (383, 633)
(394, 600) (394, 604)
(394, 611) (394, 611)
(394, 622) (394, 625)
(394, 633) (394, 336)
(405, 600) (405, 581)
(405, 611) (405, 586)
(405, 622) (405, 633)
(405, 633) (405, 633)
(416, 600) (416, 521)
(416, 611) (416, 517)
(416, 622) (416, 523)
(416, 633) (416, 524)
(427, 600) (427, 600)
(427, 611) (427, 611)
(427, 622) (427, 622)
(427, 633) (427, 633)
(438, 600) (438, 444)
(438, 611) (438, 358)
(438, 622) (438, 622)
(438, 633) (438, 493)
(449, 600) (449, 600)
(449, 611) (449, 179)
(449, 622) (449, 558)
(449, 633) (449, 179)
(460, 600) (460, 600)
(460, 611) (460, 611)
(460, 622) (460, 622)
(460, 633) (460, 18)
(471, 600) (471, 600)
(471, 611) (471, 611)
(471, 622) (471, 622)
(471, 633) (471, 633)
(480, 0) (480, 6)
(480, 11) (480, 11)
(480, 22) (480, 22)
(480, 33) (480, 33)
(480, 44) (480, 56)
(480, 55) (480, 55)
(480, 66) (480, 66)
(480, 77) (480, 77)
(480, 88) (480, 88)
(480, 99) (480, 99)
(480, 110) (480, 110)
(491, 0) (-1, -1)
(491, 11) (-1, -1)
(491, 22) (-1, -1)
(491, 33) (-1, -1)
(491, 44) (-1, -1)
(491, 55) (-1, -1)
(491, 66) (-1, -1)
(491, 77) (-1, -1)
(491, 88) (-1, -1)
(491, 99) (-1, -1)
(491, 110) (-1, -1)
(502, 0) (-1, -1)
(502, 11) (-1, -1)
(502, 22) (-1, -1)
(502, 33) (-1, -1)
(502, 44) (-1, -1)
(502, 55) (-1, -1)
(502, 66) (-1, -1)
(502, 77) (-1, -1)
(502, 88) (-1, -1)
(502, 99) (-1, -1)
(502, 110) (-1, -1)
(513, 0) (-1, -1)
(513, 11) (-1, -1)
(513, 22) (-1, -1)
(513, 33) (-1, -1)
(513, 44) (-1, -1)
(513, 55) (-1, -1)
(513, 66) (-1, -1)
(513, 77) (-1, -1)
(513, 88) (-1, -1)
(513, 99) (-1, -1)
(513, 110) (-1, -1)
(524, 0) (-1, -1)
(524, 11) (-1, -1)
(524, 22) (-1, -1)
(524, 33) (-1, -1)
(524, 44) (-1, -1)
(524, 55) (-1, -1)
(524, 66) (-1, -1)
(524, 77) (-1, -1)
(524, 88) (-1, -1)
(524, 99) (-1, -1)
(524, 110) (-1, -1)
(535, 0) (-1, -1)
(535, 11) (-1, -1)
(535, 22) (-1, -1)
(535, 33) (-1, -1)
(535, 44) (-1, -1)
(535, 55) (-1, -1)
(535, 66) (-1, -1)
(535, 77) (-1, -1)
(535, 88) (-1, -1)
(535, 99) (-1, -1)
(535, 110) (-1, -1)
(546, 0) (-1, -1)
(546, 11) (-1, -1)
(546, 22) (-1, -1)
(546, 33) (-1, -1)
(546, 44) (-1, -1)
(546, 55) (-1, -1)
(546, 66) (-1, -1)
(546, 77) (-1, -1)
(546, 88) (-1, -1)
(546, 99) (-1, -1)
(546, 110) (-1, -1)
(557, 0) (-1, -1)
(557, 11) (-1, -1)
(557, 22) (-1, -1)
(557, 33) (-1, -1)
(557, 44) (-1, -1)
(557, 55) (-1, -1)
(557, 66) (-1, -1)
(557, 77) (-1, -1)
(557, 88) (-1, -1)
(557, 99) (-1, -1)
(557, 110) (-1, -1)
(568, 0) (-1, -1)
(568, 11) (-1, -1)
(568, 22) (-1, -1)
(568, 33) (-1, -1)
(568, 44) (-1, -1)
(568, 55) (-1, -1)
(568, 66) (-1, -1)
(568, 77) (-1, -1)
(568, 88) (-1, -1)
(568, 99) (-1, -1)
(568, 110) (-1, -1)
(579, 0) (-1, -1)
(579, 11) (-1, -1)
(579, 22) (-1, -1)
(579, 33) (-1, -1)
(579, 44) (-1, -1)
(579, 55) (-1, -1)
(579, 66) (-1, -1)
(579, 77) (-1, -1)
(579, 88) (-1, -1)
(579, 99) (-1, -1)
(579, 110) (-1, -1)
(590, 0) (-1, -1)
(590, 11) (-1, -1)
(590, 22) (-1, -1)
(590, 33) (-1, -1)
(590, 44) (-1, -1)
(590, 55) (-1, -1)
(590, 66) (-1, -1)
(590, 77) (-1, -1)
(590, 88) (-1, -1)
(590, 99) (-1, -1)
(590, 110) (-1, -1)
(601, 0) (-1, -1)
(601, 11) (-1, -1)
(601, 22) (-1, -1)
(601, 33) (-1, -1)
(601, 44) (-1, -1)
(601, 55) (-1, -1)
(601, 66) (-1, -1)
(601, 77) (-1, -1)
(601, 88) (-1, -1)
(601, 99) (-1, -1)
(601, 110) (-1, -1)
(612, 0) (-1, -1)
(612, 11) (-1, -1)
(612, 22) (-1, -1)
(612, 33) (-1, -1)
(612, 44) (-1, -1)
(612, 55) (-1, -1)
(612, 66) (-1, -1)
(612, 77) (-1, -1)
(612, 88) (-1, -1)
(612, 99) (-1, -1)
(612, 110) (-1, -1)
(623, 0) (-1, -1)
(623, 11) (-1, -1)
(623, 22) (-1, -1)
(623, 33) (-1, -1)
(623, 44) (-1, -1)
(623, 55) (-1, -1)
(623, 66) (-1, -1)
(623, 77) (-1, -1)
(623, 88) (-1, -1)
(623, 99) (-1, -1)
(623, 110) (-1, -1)
(634, 0) (-1, -1)
(634, 11) (-1, -1)
(634, 22) (-1, -1)
(634, 33) (-1, -1)
(634, 44) (-1, -1)
(634, 55) (-1, -1)
(634, 66) (-1, -1)
(634, 77) (-1, -1)
(634, 88) (-1, -1)
(634, 99) (-1, -1)
(634, 110) (-1, -1)
(645, 0) (-1, -1)
(645, 11) (-1, -1)
(645, 22) (-1, -1)
(645, 33) (-1, -1)
(645, 44) (-1, -1)
(645, 55) (-1, -1)
(645, 66) (-1, -1)
(645, 77) (-1, -1)
(645, 88) (-1, -1)
(645, 99) (-1, -1)
(645, 110) (-1, -1)
(656, 0) (-1, -1)
(656, 11) (-1, -1)
(656, 22) (-1, -1)
(656, 33) (-1, -1)
(656, 44) (-1, -1)
(656, 55) (-1, -1)
(656, 66) (-1, -1)
(656, 77) (-1, -1)
(656, 88) (-1, -1)
(656, 99) (-1, -1)
(656, 110) (-1, -1)
(667, 0) (-1, -1)
(667, 11) (-1, -1)
(667, 22) (-1, -1)
(667, 33) (-1, -1)
(667, 44) (-1, -1)
(667, 55) (-1, -1)
(667, 66) (-1, -1)
(667, 77) (-1, -1)
(667, 88) (-1, -1)
(667, 99) (-1, -1)
(667, 110) (-1, -1)
(678, 0) (-1, -1)
(678, 11) (-1, -1)
(678, 22) (-1, -1)
(678, 33) (-1, -1)
(678, 44) (-1, -1)
(678, 55) (-1, -1)
(678, 66) (-1, -1)
(678, 77) (-1, -1)
(678, 88) (-1, -1)
(678, 99) (-1, -1)
(678, 110) (-1, -1)
(689, 0) (-1, -1)
(689, 11) (-1, -1)
(689, 22) (-1, -1)
(689, 33) (-1, -1)
(689, 44) (-1, -1)
(689, 55) (-1, -1)
(689, 66) (-1, -1)
(689, 77) (-1, -1)
(689, 88) (-1, -1)
(689, 99) (-1, -1)
(689, 110) (-1, -1)
(700, 0) (-1, -1)
(700, 11) (-1, -1)
(700, 22) (-1, -1)
(700, 33) (-1, -1)
(700, 44) (-1, -1)
(700, 55) (-1, -1)
(700, 66) (-1, -1)
(700, 77) (-1, -1)
(700, 88) (-1, -1)
(700, 99) (-1, -1)
(700, 110) (-1, -1)
(711, 0) (-1, -1)
(711, 11) (-1, -1)
(711, 22) (-1, -1)
(711, 33) (-1, -1)
(711, 44) (-1, -1)
(711, 55) (-1, -1)
(711, 66) (-1, -1)
(711, 77) (-1, -1)
(711, 88) (-1, -1)
(711, 99) (-1, -1)
(711, 110) (-1, -1)
(480, 120) (480, 120)
(480, 131) (480, 131)
(480, 142) (480, 122)
(480, 153) (480, 133)
(480, 164) (480, 148)
(480, 175) (480, 158)
(480, 186) (480, 186)
(480, 197) (480, 197)
(480, 208) (480, 208)
(480, 219) (480, 203)
(480, 230) (480, 230)
(491, 120) (-1, -1)
(491, 131) (-1, -1)
(491, 142) (-1, -1)
(491, 153) (-1, -1)
(491, 164) (-1, -1)
(491, 175) (-1, -1)
(491, 186) (-1, -1)
(491, 197) (-1, -1)
(491, 208) (-1, -1)
(491, 219) (-1, -1)
(491, 230) (-1, -1)
(502, 120) (-1, -1)
(502, 131) (-1, -1)
(502, 142) (-1, -1)
(502, 153) (-1, -1)
(502, 164) (-1, -1)
(502, 175) (-1, -1)
(502, 186) (-1, -1)
(502, 197) (-1, -1)
(502, 208) (-1, -1)
(502, 219) (-1, -1)
(502, 230) (-1, -1)
(513, 120) (-1, -1)
(513, 131) (-1, -1)
(513, 142) (-1, -1)
(513, 153) (-1, -1)
(513, 164) (-1, -1)
(513, 175) (-1, -1)
(513, 186) (-1, -1)
(513, 197) (-1, -1)
(513, 208) (-1, -1)
(513, 219) (-1, -1)
(513, 230) (-1, -1)
(524, 120) (-1, -1)
(524, 131) (-1, -1)
(524, 142) (-1, -1)
(524, 153) (-1, -1)
(524, 164) (-1, -1)
(524, 175) (-1, -1)
(524, 186) (-1, -1)
(524, 197) (-1, -1)
(524, 208) (-1, -1)
(524, 219) (-1, -1)
(524, 230) (-1, -1)
(535, 120) (-1, -1)
(535, 131) (-1, -1)
(535, 142) (-1, -1)
(535, 153) (-1, -1)
(535, 164) (-1, -1)
(535, 175) (-1, -1)
(535, 186) (-1, -1)
(535, 197) (-1, -1)
(535, 208) (-1, -1)
(535, 219) (-1, -1)
(535, 230) (-1, -1)
(546, 120) (-1, -1)
(546, 131) (-1, -1)
(546, 142) (-1, -1)
(546, 153) (-1, -1)
(546, 164) (-1, -1)
(546, 175) (-1, -1)
(546, 186) (-1, -1)
(546, 197) (-1, -1)
(546, 208) (-1, -1)
(546, 219) (-1, -1)
(546, 230) (-1, -1)
(557, 120) (-1, -1)
(557, 131) (-1, -1)
(557, 142) (-1, -1)
(557, 153) (-1, -1)
(557, 164) (-1, -1)
(557, 175) (-1, -1)
(557, 186) (-1, -1)
(557, 197) (-1, -1)
(557, 208) (-1, -1)
(557, 219) (-1, -1)
(557, 230) (-1, -1)
(568, 120) (-1, -1)
(568, 131) (-1, -1)
(568, 142) (-1, -1)
(568, 153) (-1, -1)
(568, 164) (-1, -1)
(568, 175) (-1, -1)
(568, 186) (-1, -1)
(568, 197) (-1, -1)
(568, 208) (-1, -1)
(568, 219) (-1, -1)
(568, 230) (-1, -1)
(579, 120) (-1, -1)
(579, 131) (-1, -1)
(579, 142) (-1, -1)
(579, 153) (-1, -1)
(579, 164) (-1, -1)
(579, 175) (-1, -1)
(579, 186) (-1, -1)
(579, 197) (-1, -1)
(579, 208) (-1, -1)
(579, 219) (-1, -1)
(579, 230) (-1, -1)
(590, 120) (-1, -1)
(590, 131) (-1, -1)
(590, 142) (-1, -1)
(590, 153) (-1, -1)
(590, 164) (-1, -1)
(590, 175) (-1, -1)
(590, 186) (-1, -1)
(590, 197) (-1, -1)
(590, 208) (-1, -1)
(590, 219) (-1, -1)
(590, 230) (-1, -1)
(601, 120) (-1, -1)
(601, 131) (-1, -1)
(601, 142) (-1, -1)
(601, 153) (-1, -1)
(601, 164) (-1, -1)
(601, 175) (-1, -1)
(601, 186) (-1, -1)
(601, 197) (-1, -1)
(601, 208) (-1, -1)
(601, 219) (-1, -1)
(601, 230) (-1, -1)
(612, 120) (-1, -1)
(612, 131) (-1, -1)
(612, 142) (-1, -1)
(612, 153) (-1, -1)
(612, 164) (-1, -1)
(612, 175) (-1, -1)
(612, 186) (-1, -1)
(612, 197) (-1, -1)
(612, 208) (-1, -1)
(612, 219) (-1, -1)
(612, 230) (-1, -1)
(623, 120) (-1, -1)
(623, 131) (-1, -1)
(623, 142) (-1, -1)
(623, 153) (-1, -1)
(623, 164) (-1, -1)
(623, 175) (-1, -1)
(623, 186) (-1, -1)
(623, 197) (-1, -1)
(623, 208) (-1, -1)
(623, 219) (-1, -1)
(623, 230) (-1, -1)
(634, 120) (-1, -1)
(634, 131) (-1, -1)
(634, 142) (-1, -1)
(634, 153) (-1, -1)
(634, 164) (-1, -1)
(634, 175) (-1, -1)
(634, 186) (-1, -1)
(634, 197) (-1, -1)
(634, 208) (-1, -1)
(634, 219) (-1, -1)
(634, 230) (-1, -1)
(645, 120) (-1, -1)
(645, 131) (-1, -1)
(645, 142) (-1, -1)
(645, 153) (-1, -1)
(645, 164) (-1, -1)
(645, 175) (-1, -1)
(645, 186) (-1, -1)
(645, 197) (-1, -1)
(645, 208) (-1, -1)
(645, 219) (-1, -1)
(645, 230) (-1, -1)
(656, 120) (-1, -1)
(656, 131) (-1, -1)
(656, 142) (-1, -1)
(656, 153) (-1, -1)
(656, 164) (-1, -1)
(656, 175) (-1, -1)
(656, 186) (-1, -1)
(656, 197) (-1, -1)
(656, 208) (-1, -1)
(656, 219) (-1, -1)
(656, 230) (-1, -1)
(667, 120) (-1, -1)
(667, 131) (-1, -1)
(667, 142) (-1, -1)
(667, 153) (-1, -1)
(667, 164) (-1, -1)
(667, 175) (-1, -1)
(667, 186) (-1, -1)
(667, 197) (-1, -1)
(667, 208) (-1, -1)
(667, 219) (-1, -1)
(667, 230) (-1, -1)
(678, 120) (-1, -1)
(678, 131) (-1, -1)
(678, 142) (-1, -1)
(678, 153) (-1, -1)
(678, 164) (-1, -1)
(678, 175) (-1, -1)
(678, 186) (-1, -1)
(678, 197) (-1, -1)
(678, 208) (-1, -1)
(678, 219) (-1, -1)
(678, 230) (-1, -1)
(689, 120) (-1, -1)
(689, 131) (-1, -1)
(689, 142) (-1, -1)
(689, 153) (-1, -1)
(689, 164) (-1, -1)
(689, 175) (-1, -1)
(689, 186) (-1, -1)
(689, 197) (-1, -1)
(689, 208) (-1, -1)
(689, 219) (-1, -1)
(689, 230) (-1, -1)
(700, 120) (-1, -1)
(700, 131) (-1, -1)
(700, 142) (-1, -1)
(700, 153) (-1, -1)
(700, 164) (-1, -1)
(700, 175) (-1, -1)
(700, 186) (-1, -1)
(700, 197) (-1, -1)
(700, 208) (-1, -1)
(700, 219) (-1, -1)
(700, 230) (-1, -1)
(711, 120) (-1, -1)
(711, 131) (-1, -1)
(711, 142) (-1, -1)
(711, 153) (-1, -1)
(711, 164) (-1, -1)
(711, 175) (-1, -1)
(711, 186) (-1, -1)
(711, 197) (-1, -1)
(711, 208) (-1, -1)
(711, 219) (-1, -1)
(711, 230) (-1, -1)
(480, 240) (480, 240)
(480, 251) (480, 251)
(480, 262) (480, 284)
(480, 273) (480, 284)
(480, 284) (480, 284)
(480, 295) (480, 290)
(480, 306) (480, 291)
(480, 317) (480, 298)
(480, 328) (480, 310)
(480, 339) (480, 322)
(480, 350) (480, 350)
(491, 240) (-1, -1)
(491, 251) (-1, -1)
(491, 262) (-1, -1)
(491, 273) (-1, -1)
(491, 284) (-1, -1)
(491, 295) (-1, -1)
(491, 306) (-1, -1)
(491, 317) (-1, -1)
(491, 328) (-1, -1)
(491, 339) (-1, -1)
(491, 350) (-1, -1)
(502, 240) (-1, -1)
(502, 251) (-1, -1)
(502, 262) (-1, -1)
(502, 273) (-1, -1)
(502, 284) (-1, -1)
(502, 295) (-1, -1)
(502, 306) (-1, -1)
(502, 317) (-1, -1)
(502, 328) (-1, -1)
(502, 339) (-1, -1)
(502, 350) (-1, -1)
(513, 240) (-1, -1)
(513, 251) (-1, -1)
(513, 262) (-1, -1)
(513, 273) (-1, -1)
(513, 284) (-1, -1)
(513, 295) (-1, -1)
(513, 306) (-1, -1)
(513, 317) (-1, -1)
(513, 328) (-1, -1)
(513, 339) (-1, -1)
(513, 350) (-1, -1)
(524, 240) (-1, -1)
(524, 251) (-1, -1)
(524, 262) (-1, -1)
(524, 273) (-1, -1)
(524, 284) (-1, -1)
(524, 295) (-1, -1)
(524, 306) (-1, -1)
(524, 317) (-1, -1)
(524, 328) (-1, -1)
(524, 339) (-1, -1)
(524, 350) (-1, -1)
(535, 240) (-1, -1)
(535, 251) (-1, -1)
(535, 262) (-1, -1)
(535, 273) (-1, -1)
(535, 284) (-1, -1)
(535, 295) (-1, -1)
(535, 306) (-1, -1)
(535, 317) (-1, -1)
(535, 328) (-1, -1)
(535, 339) (-1, -1)
(535, 350) (-1, -1)
(546, 240) (-1, -1)
(546, 251) (-1, -1)
(546, 262) (-1, -1)
(546, 273) (-1, -1)
(546, 284) (-1, -1)
(546, 295) (-1, -1)
(546, 306) (-1, -1)
(546, 317) (-1, -1)
(546, 328) (-1, -1)
(546, 339) (-1, -1)
(546, 350) (-1, -1)
(557, 240) (-1, -1)
(557, 251) (-1, -1)
(557, 262) (-1, -1)
(557, 273) (-1, -1)
(557, 284) (-1, -1)
(557, 295) (-1, -1)
(557, 306) (-1, -1)
(557, 317) (-1, -1)
(557, 328) (-1, -1)
(557, 339) (-1, -1)
(557, 350) (-1, -1)
(568, 240) (-1, -1)
(568, 251) (-1, -1)
(568, 262) (-1, -1)
(568, 273) (-1, -1)
(568, 284) (-1, -1)
(568, 295) (-1, -1)
(568, 306) (-1, -1)
(568, 317) (-1, -1)
(568, 328) (-1, -1)
(568, 339) (-1, -1)
(568, 350) (-1, -1)
(579, 240) (-1, -1)
(579, 251) (-1, -1)
(579, 262) (-1, -1)
(579, 273) (-1, -1)
(579, 284) (-1, -1)
(579, 295) (-1, -1)
(579, 306) (-1, -1)
(579, 317) (-1, -1)
(579, 328) (-1, -1)
(579, 339) (-1, -1)
(579, 350) (-1, -1)
(590, 240) (-1, -1)
(590, 251) (-1, -1)
(590, 262) (-1, -1)
(590, 273) (-1, -1)
(590, 284) (-1, -1)
(590, 295) (-1, -1)
(590, 306) (-1, -1)
(590, 317) (-1, -1)
(590, 328) (-1, -1)
(590, 339) (-1, -1)
(590, 350) (-1, -1)
(601, 240) (-1, -1)
(601, 251) (-1, -1)
(601, 262) (-1, -1)
(601, 273) (-1, -1)
(601, 284) (-1, -1)
(601, 295) (-1, -1)
(601, 306) (-1, -1)
(601, 317) (-1, -1)
(601, 328) (-1, -1)
(601, 339) (-1, -1)
(601, 350) (-1, -1)
(612, 240) (-1, -1)
(612, 251) (-1, -1)
(612, 262) (-1, -1)
(612, 273) (-1, -1)
(612, 284) (-1, -1)
(612, 295) (-1, -1)
(612, 306) (-1, -1)
(612, 317) (-1, -1)
(612, 328) (-1, -1)
(612, 339) (-1, -1)
(612, 350) (-1, -1)
(623, 240) (-1, -1)
(623, 251) (-1, -1)
(623, 262) (-1, -1)
(623, 273) (-1, -1)
(623, 284) (-1, -1)
(623, 295) (-1, -1)
(623, 306) (-1, -1)
(623, 317) (-1, -1)
(623, 328) (-1, -1)
(623, 339) (-1, -1)
(623, 350) (-1, -1)
(634, 240) (-1, -1)
(634, 251) (-1, -1)
(634, 262) (-1, -1)
(634, 273) (-1, -1)
(634, 284) (-1, -1)
(634, 295) (-1, -1)
(634, 306) (-1, -1)
(634, 317) (-1, -1)
(634, 328) (-1, -1)
(634, 339) (-1, -1)
(634, 350) (-1, -1)
(645, 240) (-1, -1)
(645, 251) (-1, -1)
(645, 262) (-1, -1)
(645, 273) (-1, -1)
(645, 284) (-1, -1)
(645, 295) (-1, -1)
(645, 306) (-1, -1)
(645, 317) (-1, -1)
(645, 328) (-1, -1)
(645, 339) (-1, -1)
(645, 350) (-1, -1)
(656, 240) (-1, -1)
(656, 251) (-1, -1)
(656, 262) (-1, -1)
(656, 273) (-1, -1)
(656, 284) (-1, -1)
(656, 295) (-1, -1)
(656, 306) (-1, -1)
(656, 317) (-1, -1)
(656, 328) (-1, -1)
(656, 339) (-1, -1)
(656, 350) (-1, -1)
(667, 240) (-1, -1)
(667, 251) (-1, -1)
(667, 262) (-1, -1)
(667, 273) (-1, -1)
(667, 284) (-1, -1)
(667, 295) (-1, -1)
(667, 306) (-1, -1)
(667, 317) (-1, -1)
(667, 328) (-1, -1)
(667, 339) (-1, -1)
(667, 350) (-1, -1)
(678, 240) (-1, -1)
(678, 251) (-1, -1)
(678, 262) (-1, -1)
(678, 273) (-1, -1)
(678, 284) (-1, -1)
(678, 295) (-1, -1)
(678, 306) (-1, -1)
(678, 317) (-1, -1)
(678, 328) (-1, -1)
(678, 339) (-1, -1)
(678, 350) (-1, -1)
(689, 240) (-1, -1)
(689, 251) (-1, -1)
(689, 262) (-1, -1)
(689, 273) (-1, -1)
(689, 284) (-1, -1)
(689, 295) (-1, -1)
(689, 306) (-1, -1)
(689, 317) (-1, -1)
(689, 328) (-1, -1)
(689, 339) (-1, -1)
(689, 350) (-1, -1)
(700, 240) (-1, -1)
(700, 251) (-1, -1)
(700, 262) (-1, -1)
(700, 273) (-1, -1)
(700, 284) (-1, -1)
(700, 295) (-1, -1)
(700, 306) (-1, -1)
(700, 317) (-1, -1)
(700, 328) (-1, -1)
(700, 339) (-1, -1)
(700, 350) (-1, -1)
(711, 240) (-1, -1)
(711, 251) (-1, -1)
(711, 262) (-1, -1)
(711, 273) (-1, -1)
(711, 284) (-1, -1)
(711, 295) (-1, -1)
(711, 306) (-1, -1)
(711, 317) (-1, -1)
(711, 328) (-1, -1)
(711, 339) (-1, -1)
(711, 350) (-1, -1)
(480, 360) (480, 360)
(480, 371) (480, 371)
(480, 382) (480, 382)
(480, 393) (480, 393)
(480, 404) (480, 404)
(480, 415) (480, 415)
(480, 426) (480, 426)
(480, 437) (480, 437)
(480, 448) (480, 314)
(480, 459) (480, 459)
(480, 470) (480, 470)
(491, 360) (-1, -1)
(491, 371) (-1, -1)
(491, 382) (-1, -1)
(491, 393) (-1, -1)
(491, 404) (-1, -1)
(491, 415) (-1, -1)
(491, 426) (-1, -1)
(491, 437) (-1, -1)
(491, 448) (-1, -1)
(491, 459) (-1, -1)
(491, 470) (-1, -1)
(502, 360) (-1, -1)
(502, 371) (-1, -1)
(502, 382) (-1, -1)
(502, 393) (-1, -1)
(502, 404) (-1, -1)
(502, 415) (-1, -1)
(502, 426) (-1, -1)
(502, 437) (-1, -1)
(502, 448) (-1, -1)
(502, 459) (-1, -1)
(502, 470) (-1, -1)
(513, 360) (-1, -1)
(513, 371) (-1, -1)
(513, 382) (-1, -1)
(513, 393) (-1, -1)
(513, 404) (-1, -1)
(513, 415) (-1, -1)
(513, 426) (-1, -1)
(513, 437) (-1, -1)
(513, 448) (-1, -1)
(513, 459) (-1, -1)
(513, 470) (-1, -1)
(524, 360) (-1, -1)
(524, 371) (-1, -1)
(524, 382) (-1, -1)
(524, 393) (-1, -1)
(524, 404) (-1, -1)
(524, 415) (-1, -1)
(524, 426) (-1, -1)
(524, 437) (-1, -1)
(524, 448) (-1, -1)
(524, 459) (-1, -1)
(524, 470) (-1, -1)
(535, 360) (-1, -1)
(535, 371) (-1, -1)
(535, 382) (-1, -1)
(535, 393) (-1, -1)
(535, 404) (-1, -1)
(535, 415) (-1, -1)
(535, 426) (-1, -1)
(535, 437) (-1, -1)
(535, 448) (-1, -1)
(535, 459) (-1, -1)
(535, 470) (-1, -1)
(546, 360) (-1, -1)
(546, 371) (-1, -1)
(546, 382) (-1, -1)
(546, 393) (-1, -1)
(546, 404) (-1, -1)
(546, 415) (-1, -1)
(546, 426) (-1, -1)
(546, 437) (-1, -1)
(546, 448) (-1, -1)
(546, 459) (-1, -1)
(546, 470) (-1, -1)
(557, 360) (-1, -1)
(557, 371) (-1, -1)
(557, 382) (-1, -1)
(557, 393) (-1, -1)
(557, 404) (-1, -1)
(557, 415) (-1, -1)
(557, 426) (-1, -1)
(557, 437) (-1, -1)
(557, 448) (-1, -1)
(557, 459) (-1, -1)
(557, 470) (-1, -1)
(568, 360) (-1, -1)
(568, 371) (-1, -1)
(568, 382) (-1, -1)
(568, 393) (-1, -1)
(568, 404) (-1, -1)
(568, 415) (-1, -1)
(568, 426) (-1, -1)
(568, 437) (-1, -1)
(568, 448) (-1, -1)
(568, 459) (-1, -1)
(568, 470) (-1, -1)
(579, 360) (-1, -1)
(579, 371) (-1, -1)
(579, 382) (-1, -1)
(579, 393) (-1, -1)
(579, 404) (-1, -1)
(579, 415) (-1, -1)
(579, 426) (-1, -1)
(579, 437) (-1, -1)
(579, 448) (-1, -1)
(579, 459) (-1, -1)
(579, 470) (-1, -1)
(590, 360) (-1, -1)
(590, 371) (-1, -1)
(590, 382) (-1, -1)
(590, 393) (-1, -1)
(590, 404) (-1, -1)
(590, 415) (-1, -1)
(590, 426) (-1, -1)
(590, 437) (-1, -1)
(590, 448) (-1, -1)
(590, 459) (-1, -1)
(590, 470) (-1, -1)
(601, 360) (-1, -1)
(601, 371) (-1, -1)
(601, 382) (-1, -1)
(601, 393) (-1, -1)
(601, 404) (-1, -1)
(601, 415) (-1, -1)
(601, 426) (-1, -1)
(601, 437) (-1, -1)
(601, 448) (-1, -1)
(601, 459) (-1, -1)
(601, 470) (-1, -1)
(612, 360) (-1, -1)
(612, 371) (-1, -1)
(612, 382) (-1, -1)
(612, 393) (-1, -1)
(612, 404) (-1, -1)
(612, 415) (-1, -1)
(612, 426) (-1, -1)
(612, 437) (-1, -1)
(612, 448) (-1, -1)
(612, 459) (-1, -1)
(612, 470) (-1, -1)
(623, 360) (-1, -1)
(623, 371) (-1, -1)
(623, 382) (-1, -1)
(623, 393) (-1, -1)
(623, 404) (-1, -1)
(623, 415) (-1, -1)
(623, 426) (-1, -1)
(623, 437) (-1, -1)
(623, 448) (-1, -1)
(623, 459) (-1, -1)
(623, 470) (-1, -1)
(634, 360) (-1, -1)
(634, 371) (-1, -1)
(634, 382) (-1, -1)
(634, 393) (-1, -1)
(634, 404) (-1, -1)
(634, 415) (-1, -1)
(634, 426) (-1, -1)
(634, 437) (-1, -1)
(634, 448) (-1, -1)
(634, 459) (-1, -1)
(634, 470) (-1, -1)
(645, 360) (-1, -1)
(645, 371) (-1, -1)
(645, 382) (-1, -1)
(645, 393) (-1, -1)
(645, 404) (-1, -1)
(645, 415) (-1, -1)
(645, 426) (-1, -1)
(645, 437) (-1, -1)
(645, 448) (-1, -1)
(645, 459) (-1, -1)
(645, 470) (-1, -1)
(656, 360) (-1, -1)
(656, 371) (-1, -1)
(656, 382) (-1, -1)
(656, 393) (-1, -1)
(656, 404) (-1, -1)
(656, 415) (-1, -1)
(656, 426) (-1, -1)
(656, 437) (-1, -1)
(656, 448) (-1, -1)
(656, 459) (-1, -1)
(656, 470) (-1, -1)
(667, 360) (-1, -1)
(667, 371) (-1, -1)
(667, 382) (-1, -1)
(667, 393) (-1, -1)
(667, 404) (-1, -1)
(667, 415) (-1, -1)
(667, 426) (-1, -1)
(667, 437) (-1, -1)
(667, 448) (-1, -1)
(667, 459) (-1, -1)
(667, 470) (-1, -1)
(678, 360) (-1, -1)
(678, 371) (-1, -1)
(678, 382) (-1, -1)
(678, 393) (-1, -1)
(678, 404) (-1, -1)
(678, 415) (-1, -1)
(678, 426) (-1, -1)
(678, 437) (-1, -1)
(678, 448) (-1, -1)
(678, 459) (-1, -1)
(678, 470) (-1, -1)
(689, 360) (-1, -1)
(689, 371) (-1, -1)
(689, 382) (-1, -1)
(689, 393) (-1, -1)
(689, 404) (-1, -1)
(689, 415) (-1, -1)
(689, 426) (-1, -1)
(689, 437) (-1, -1)
(689, 448) (-1, -1)
(689, 459) (-1, -1)
(689, 470) (-1, -1)
(700, 360) (-1, -1)
(700, 371) (-1, -1)
(700, 382) (-1, -1)
(700, 393) (-1, -1)
(700, 404) (-1, -1)
(700, 415) (-1, -1)
(700, 426) (-1, -1)
(700, 437) (-1, -1)
(700, 448) (-1, -1)
(700, 459) (-1, -1)
(700, 470) (-1, -1)
(711, 360) (-1, -1)
(711, 371) (-1, -1)
(711, 382) (-1, -1)
(711, 393) (-1, -1)
(711, 404) (-1, -1)
(711, 415) (-1, -1)
(711, 426) (-1, -1)
(711, 437) (-1, -1)
(711, 448) (-1, -1)
(711, 459) (-1, -1)
(711, 470) (-1, -1)
(480, 480) (480, 480)
(480, 491) (480, 491)
(480, 502) (480, 502)
(480, 513) (480, 513)
(480, 524) (480, 525)
(480, 535) (480, 535)
(480, 546) (480, 546)
(480, 557) (480, 557)
(480, 568) (480, 550)
(480, 579) (480, 579)
(480, 590) (480, 590)
(491, 480) (-1, -1)
(491, 491) (-1, -1)
(491, 502) (-1, -1)
(491, 513) (-1, -1)
(491, 524) (-1, -1)
(491, 535) (-1, -1)
(491, 546) (-1, -1)
(491, 557) (-1, -1)
(491, 568) (-1, -1)
(491, 579) (-1, -1)
(491, 590) (-1, -1)
(502, 480) (-1, -1)
(502, 491) (-1, -1)
(502, 502) (-1, -1)
(502, 513) (-1, -1)
(502, 524) (-1, -1)
(502, 535) (-1, -1)
(502, 546) (-1, -1)
(502, 557) (-1, -1)
(502, 568) (-1, -1)
(502, 579) (-1, -1)
(502, 590) (-1, -1)
(513, 480) (-1, -1)
(513, 491) (-1, -1)
(513, 502) (-1, -1)
(513, 513) (-1, -1)
(513, 524) (-1, -1)
(513, 535) (-1, -1)
(513, 546) (-1, -1)
(513, 557) (-1, -1)
(513, 568) (-1, -1)
(513, 579) (-1, -1)
(513, 590) (-1, -1)
(524, 480) (-1, -1)
(524, 491) (-1, -1)
(524, 502) (-1, -1)
(524, 513) (-1, -1)
(524, 524) (-1, -1)
(524, 535) (-1, -1)
(524, 546) (-1, -1)
(524, 557) (-1, -1)
(524, 568) (-1, -1)
(524, 579) (-1, -1)
(524, 590) (-1, -1)
(535, 480) (-1, -1)
(535, 491) (-1, -1)
(535, 502) (-1, -1)
(535, 513) (-1, -1)
(535, 524) (-1, -1)
(535, 535) (-1, -1)
(535, 546) (-1, -1)
(535, 557) (-1, -1)
(535, 568) (-1, -1)
(535, 579) (-1, -1)
(535, 590) (-1, -1)
(546, 480) (-1, -1)
(546, 491) (-1, -1)
(546, 502) (-1, -1)
(546, 513) (-1, -1)
(546, 524) (-1, -1)
(546, 535) (-1, -1)
(546, 546) (-1, -1)
(546, 557) (-1, -1)
(546, 568) (-1, -1)
(546, 579) (-1, -1)
(546, 590) (-1, -1)
(557, 480) (-1, -1)
(557, 491) (-1, -1)
(557, 502) (-1, -1)
(557, 513) (-1, -1)
(557, 524) (-1, -1)
(557, 535) (-1, -1)
(557, 546) (-1, -1)
(557, 557) (-1, -1)
(557, 568) (-1, -1)
(557, 579) (-1, -1)
(557, 590) (-1, -1)
(568, 480) (-1, -1)
(568, 491) (-1, -1)
(568, 502) (-1, -1)
(568, 513) (-1, -1)
(568, 524) (-1, -1)
(568, 535) (-1, -1)
(568, 546) (-1, -1)
(568, 557) (-1, -1)
(568, 568) (-1, -1)
(568, 579) (-1, -1)
(568, 590) (-1, -1)
(579, 480) (-1, -1)
(579, 491) (-1, -1)
(579, 502) (-1, -1)
(579, 513) (-1, -1)
(579, 524) (-1, -1)
(579, 535) (-1, -1)
(579, 546) (-1, -1)
(579, 557) (-1, -1)
(579, 568) (-1, -1)
(579, 579) (-1, -1)
(579, 590) (-1, -1)
(590, 480) (-1, -1)
(590, 491) (-1, -1)
(590, 502) (-1, -1)
(590, 513) (-1, -1)
(590, 524) (-1, -1)
(590, 535) (-1, -1)
(590, 546) (-1, -1)
(590, 557) (-1, -1)
(590, 568) (-1, -1)
(590, 579) (-1, -1)
(590, 590) (-1, -1)
(601, 480) (-1, -1)
(601, 491) (-1, -1)
(601, 502) (-1, -1)
(601, 513) (-1, -1)
(601, 524) (-1, -1)
(601, 535) (-1, -1)
(601, 546) (-1, -1)
(601, 557) (-1, -1)
(601, 568) (-1, -1)
(601, 579) (-1, -1)
(601, 590) (-1, -1)
(612, 480) (-1, -1)
(612, 491) (-1, -1)
(612, 502) (-1, -1)
(612, 513) (-1, -1)
(612, 524) (-1, -1)
(612, 535) (-1, -1)
(612, 546) (-1, -1)
(612, 557) (-1, -1)
(612, 568) (-1, -1)
(612, 579) (-1, -1)
(612, 590) (-1, -1)
(623, 480) (-1, -1)
(623, 491) (-1, -1)
(623, 502) (-1, -1)
(623, 513) (-1, -1)
(623, 524) (-1, -1)
(623, 535) (-1, -1)
(623, 546) (-1, -1)
(623, 557) (-1, -1)
(623, 568) (-1, -1)
(623, 579) (-1, -1)
(623, 590) (-1, -1)
(634, 480) (-1, -1)
(634, 491) (-1, -1)
(634, 502) (-1, -1)
(634, 513) (-1, -1)
(634, 524) (-1, -1)
(634, 535) (-1, -1)
(634, 546) (-1, -1)
(634, 557) (-1, -1)
(634, 568) (-1, -1)
(634, 579) (-1, -1)
(634, 590) (-1, -1)
(645, 480) (-1, -1)
(645, 491) (-1, -1)
(645, 502) (-1, -1)
(645, 513) (-1, -1)
(645, 524) (-1, -1)
(645, 535) (-1, -1)
(645, 546) (-1, -1)
(645, 557) (-1, -1)
(645, 568) (-1, -1)
(645, 579) (-1, -1)
(645, 590) (-1, -1)
(656, 480) (-1, -1)
(656, 491) (-1, -1)
(656, 502) (-1, -1)
(656, 513) (-1, -1)
(656, 524) (-1, -1)
(656, 535) (-1, -1)
(656, 546) (-1, -1)
(656, 557) (-1, -1)
(656, 568) (-1, -1)
(656, 579) (-1, -1)
(656, 590) (-1, -1)
(667, 480) (-1, -1)
(667, 491) (-1, -1)
(667, 502) (-1, -1)
(667, 513) (-1, -1)
(667, 524) (-1, -1)
(667, 535) (-1, -1)
(667, 546) (-1, -1)
(667, 557) (-1, -1)
(667, 568) (-1, -1)
(667, 579) (-1, -1)
(667, 590) (-1, -1)
(678, 480) (-1, -1)
(678, 491) (-1, -1)
(678, 502) (-1, -1)
(678, 513) (-1, -1)
(678, 524) (-1, -1)
(678, 535) (-1, -1)
(678, 546) (-1, -1)
(678, 557) (-1, -1)
(678, 568) (-1, -1)
(678, 579) (-1, -1)
(678, 590) (-1, -1)
(689, 480) (-1, -1)
(689, 491) (-1, -1)
(689, 502) (-1, -1)
(689, 513) (-1, -1)
(689, 524) (-1, -1)
(689, 535) (-1, -1)
(689, 546) (-1, -1)
(689, 557) (-1, -1)
(689, 568) (-1, -1)
(689, 579) (-1, -1)
(689, 590) (-1, -1)
(700, 480) (-1, -1)
(700, 491) (-1, -1)
(700, 502) (-1, -1)
(700, 513) (-1, -1)
(700, 524) (-1, -1)
(700, 535) (-1, -1)
(700, 546) (-1, -1)
(700, 557) (-1, -1)
(700, 568) (-1, -1)
(700, 579) (-1, -1)
(700, 590) (-1, -1)
(711, 480) (-1, -1)
(711, 491) (-1, -1)
(711, 502) (-1, -1)
(711, 513) (-1, -1)
(711, 524) (-1, -1)
(711, 535) (-1, -1)
(711, 546) (-1, -1)
(711, 557) (-1, -1)
(711, 568) (-1, -1)
(711, 579) (-1, -1)
(711, 590) (-1, -1)
(480, 600) (480, 600)
(480, 611) (480, 611)
(480, 622) (480, 622)
(480, 633) (480, 633)
(491, 600) (-1, -1)
(491, 611) (-1, -1)
(491, 622) (-1, -1)
(491, 633) (-1, -1)
(502, 600) (-1, -1)
(502, 611) (-1, -1)
(502, 622) (-1, -1)
(502, 633) (-1, -1)
(513, 600) (-1, -1)
(513, 611) (-1, -1)
(513, 622) (-1, -1)
(513, 633) (-1, -1)
(524, 600) (-1, -1)
(524, 611) (-1, -1)
(524, 622) (-1, -1)
(524, 633) (-1, -1)
(535, 600) (-1, -1)
(535, 611) (-1, -1)
(535, 622) (-1, -1)
(535, 633) (-1, -1)
(546, 600) (-1, -1)
(546, 611) (-1, -1)
(546, 622) (-1, -1)
(546, 633) (-1, -1)
(557, 600) (-1, -1)
(557, 611) (-1, -1)
(557, 622) (-1, -1)
(557, 633) (-1, -1)
(568, 600) (-1, -1)
(568, 611) (-1, -1)
(568, 622) (-1, -1)
(568, 633) (-1, -1)
(579, 600) (-1, -1)
(579, 611) (-1, -1)
(579, 622) (-1, -1)
(579, 633) (-1, -1)
(590, 600) (-1, -1)
(590, 611) (-1, -1)
(590, 622) (-1, -1)
(590, 633) (-1, -1)
(601, 600) (-1, -1)
(601, 611) (-1, -1)
(601, 622) (-1, -1)
(601, 633) (-1, -1)
(612, 600) (-1, -1)
(612, 611) (-1, -1)
(612, 622) (-1, -1)
(612, 633) (-1, -1)
(623, 600) (-1, -1)
(623, 611) (-1, -1)
(623, 622) (-1, -1)
(623, 633) (-1, -1)
(634, 600) (-1, -1)
(634, 611) (-1, -1)
(634, 622) (-1, -1)
(634, 633) (-1, -1)
(645, 600) (-1, -1)
(645, 611) (-1, -1)
(645, 622) (-1, -1)
(645, 633) (-1, -1)
(656, 600) (-1, -1)
(656, 611) (-1, -1)
(656, 622) (-1, -1)
(656, 633) (-1, -1)
(667, 600) (-1, -1)
(667, 611) (-1, -1)
(667, 622) (-1, -1)
(667, 633) (-1, -1)
(678, 600) (-1, -1)
(678, 611) (-1, -1)
(678, 622) (-1, -1)
(678, 633) (-1, -1)
(689, 600) (-1, -1)
(689, 611) (-1, -1)
(689, 622) (-1, -1)
(689, 633) (-1, -1)
(700, 600) (-1, -1)
(700, 611) (-1, -1)
(700, 622) (-1, -1)
(700, 633) (-1, -1)
(711, 600) (-1, -1)
(711, 611) (-1, -1)
(711, 622) (-1, -1)
(711, 633) (-1, -1)
