(0, 0) (0, 36)
(0, 11) (0, 310)
(0, 22) (0, 12)
(0, 33) (0, 22)
(0, 44) (0, 33)
(0, 55) (0, 44)
(0, 66) (0, 330)
(0, 77) (0, 238)
(0, 88) (0, 71)
(0, 99) (0, 95)
(0, 110) (0, 92)
(11, 0) (11, 98)
(11, 11) (11, 158)
(11, 22) (11, 471)
(11, 33) (11, 22)
(11, 44) (11, 33)
(11, 55) (11, 44)
(11, 66) (11, 318)
(11, 77) (11, 338)
(11, 88) (11, 249)
(11, 99) (11, 82)
(11, 110) (11, 93)
(22, 0) (22, 299)
(22, 11) (22, 240)
(22, 22) (22, 245)
(22, 33) (22, 22)
(22, 44) (22, 33)
(22, 55) (22, 36)
(22, 66) (22, 48)
(22, 77) (22, 57)
(22, 88) (22, 274)
(22, 99) (22, 146)
(22, 110) (22, 123)
(33, 0) (33, 486)
(33, 11) (33, 284)
(33, 22) (33, 295)
(33, 33) (33, 16)
(33, 44) (33, 26)
(33, 55) (33, 37)
(33, 66) (33, 47)
(33, 77) (33, 58)
(33, 88) (33, 68)
(33, 99) (33, 83)
(33, 110) (33, 94)
(44, 0) (44, 395)
(44, 11) (44, 348)
(44, 22) (44, 8)
(44, 33) (44, 15)
(44, 44) (44, 26)
(44, 55) (44, 36)
(44, 66) (44, 47)
(44, 77) (44, 58)
(44, 88) (44, 101)
(44, 99) (44, 83)
(44, 110) (44, 94)
(55, 0) (55, 398)
(55, 11) (55, 610)
(55, 22) (55, 6)
(55, 33) (55, 15)
(55, 44) (55, 26)
(55, 55) (55, 37)
(55, 66) (55, 48)
(55, 77) (55, 60)
(55, 88) (55, 101)
(55, 99) (55, 83)
(55, 110) (55, 64)
(66, 0) (66, 316)
(66, 11) (66, 585)
(66, 22) (66, 157)
(66, 33) (66, 15)
(66, 44) (66, 25)
(66, 55) (66, 36)
(66, 66) (66, 49)
(66, 77) (66, 60)
(66, 88) (66, 101)
(66, 99) (66, 82)
(66, 110) (66, 63)
(77, 0) (77, 54)
(77, 11) (77, 138)
(77, 22) (77, 6)
(77, 33) (77, 15)
(77, 44) (77, 26)
(77, 55) (77, 36)
(77, 66) (77, 416)
(77, 77) (77, 61)
(77, 88) (77, 71)
(77, 99) (77, 83)
(77, 110) (77, 94)
(88, 0) (88, 351)
(88, 11) (88, 421)
(88, 22) (88, 8)
(88, 33) (88, 15)
(88, 44) (88, 139)
(88, 55) (88, 354)
(88, 66) (88, 50)
(88, 77) (88, 60)
(88, 88) (88, 49)
(88, 99) (88, 365)
(88, 110) (88, 93)
(99, 0) (99, 394)
(99, 11) (99, 422)
(99, 22) (99, 104)
(99, 33) (99, 28)
(99, 44) (99, 38)
(99, 55) (99, 181)
(99, 66) (99, 50)
(99, 77) (99, 60)
(99, 88) (99, 71)
(99, 99) (99, 82)
(99, 110) (99, 93)
(110, 0) (110, 95)
(110, 11) (110, 433)
(110, 22) (110, 104)
(110, 33) (110, 27)
(110, 44) (110, 36)
(110, 55) (110, 60)
(110, 66) (110, 49)
(110, 77) (110, 60)
(110, 88) (110, 71)
(110, 99) (110, 82)
(110, 110) (110, 93)
(121, 0) (121, 43)
(121, 11) (121, 109)
(121, 22) (121, 371)
(121, 33) (121, 140)
(121, 44) (121, 27)
(121, 55) (121, 38)
(121, 66) (121, 420)
(121, 77) (121, 38)
(121, 88) (121, 71)
(121, 99) (121, 51)
(121, 110) (121, 93)
(132, 0) (132, 43)
(132, 11) (132, 94)
(132, 22) (132, 54)
(132, 33) (132, 195)
(132, 44) (132, 22)
(132, 55) (132, 61)
(132, 66) (132, 81)
(132, 77) (132, 376)
(132, 88) (132, 71)
(132, 99) (132, 82)
(132, 110) (132, 62)
(143, 0) (143, 65)
(143, 11) (143, 74)
(143, 22) (143, 91)
(143, 33) (143, 11)
(143, 44) (143, 22)
(143, 55) (143, 33)
(143, 66) (143, 49)
(143, 77) (143, 90)
(143, 88) (143, 71)
(143, 99) (143, 82)
(143, 110) (143, 396)
(154, 0) (154, 120)
(154, 11) (154, 259)
(154, 22) (154, 264)
(154, 33) (154, 11)
(154, 44) (154, 22)
(154, 55) (154, 33)
(154, 66) (154, 49)
(154, 77) (154, 90)
(154, 88) (154, 71)
(154, 99) (154, 102)
(154, 110) (154, 62)
(165, 0) (165, 429)
(165, 11) (165, 321)
(165, 22) (165, 6)
(165, 33) (165, 12)
(165, 44) (165, 22)
(165, 55) (165, 60)
(165, 66) (165, 81)
(165, 77) (165, 378)
(165, 88) (165, 71)
(165, 99) (165, 50)
(165, 110) (165, 397)
(176, 0) (176, 96)
(176, 11) (176, 45)
(176, 22) (176, 133)
(176, 33) (176, 144)
(176, 44) (176, 27)
(176, 55) (176, 60)
(176, 66) (176, 49)
(176, 77) (176, 396)
(176, 88) (176, 435)
(176, 99) (176, 372)
(176, 110) (176, 40)
(187, 0) (187, 66)
(187, 11) (187, 45)
(187, 22) (187, 133)
(187, 33) (187, 144)
(187, 44) (187, 27)
(187, 55) (187, 38)
(187, 66) (187, 49)
(187, 77) (187, 37)
(187, 88) (187, 91)
(187, 99) (187, 373)
(187, 110) (187, 398)
(198, 0) (198, 67)
(198, 11) (198, 45)
(198, 22) (198, 134)
(198, 33) (198, 179)
(198, 44) (198, 27)
(198, 55) (198, 38)
(198, 66) (198, 49)
(198, 77) (198, 37)
(198, 88) (198, 346)
(198, 99) (198, 49)
(198, 110) (198, 92)
(209, 0) (209, 198)
(209, 11) (209, 123)
(209, 22) (209, 134)
(209, 33) (209, 179)
(209, 44) (209, 27)
(209, 55) (209, 399)
(209, 66) (209, 49)
(209, 77) (209, 398)
(209, 88) (209, 347)
(209, 99) (209, 49)
(209, 110) (209, 39)
(220, 0) (220, 57)
(220, 11) (220, 78)
(220, 22) (220, 249)
(220, 33) (220, 299)
(220, 44) (220, 15)
(220, 55) (220, 60)
(220, 66) (220, 81)
(220, 77) (220, 59)
(220, 88) (220, 348)
(220, 99) (220, 49)
(220, 110) (220, 401)
(231, 0) (231, 343)
(231, 11) (231, 482)
(231, 22) (231, 530)
(231, 33) (231, 6)
(231, 44) (231, 12)
(231, 55) (231, 26)
(231, 66) (231, 48)
(231, 77) (231, 383)
(231, 88) (231, 348)
(231, 99) (231, 81)
(231, 110) (231, 92)
(240, 0) (240, 612)
(240, 11) (240, 567)
(240, 22) (240, 571)
(240, 33) (240, 526)
(240, 44) (240, 12)
(240, 55) (240, 71)
(240, 66) (240, 48)
(240, 77) (240, 365)
(240, 88) (240, 608)
(240, 99) (240, 81)
(240, 110) (240, 71)
(251, 0) (251, 198)
(251, 11) (251, 10)
(251, 22) (251, 78)
(251, 33) (251, 178)
(251, 44) (251, 26)
(251, 55) (251, 423)
(251, 66) (251, 48)
(251, 77) (251, 366)
(251, 88) (251, 350)
(251, 99) (251, 49)
(251, 110) (251, 71)
(262, 0) (262, 62)
(262, 11) (262, 13)
(262, 22) (262, 20)
(262, 33) (262, 49)
(262, 44) (262, 456)
(262, 55) (262, 387)
(262, 66) (262, 188)
(262, 77) (262, 386)
(262, 88) (262, 351)
(262, 99) (262, 189)
(262, 110) (262, 387)
(273, 0) (273, 63)
(273, 11) (273, 40)
(273, 22) (273, 613)
(273, 33) (273, 356)
(273, 44) (273, 57)
(273, 55) (273, 37)
(273, 66) (273, 80)
(273, 77) (273, 360)
(273, 88) (273, 613)
(273, 99) (273, 189)
(273, 110) (273, 91)
(284, 0) (284, 54)
(284, 11) (284, 6)
(284, 22) (284, 442)
(284, 33) (284, 452)
(284, 44) (284, 462)
(284, 55) (284, 370)
(284, 66) (284, 48)
(284, 77) (284, 58)
(284, 88) (284, 436)
(284, 99) (284, 395)
(284, 110) (284, 413)
(295, 0) (295, 22)
(295, 11) (295, 368)
(295, 22) (295, 511)
(295, 33) (295, 530)
(295, 44) (295, 17)
(295, 55) (295, 117)
(295, 66) (295, 188)
(295, 77) (295, 108)
(295, 88) (295, 437)
(295, 99) (295, 396)
(295, 110) (295, 117)
(306, 0) (306, 15)
(306, 11) (306, 38)
(306, 22) (306, 530)
(306, 33) (306, 574)
(306, 44) (306, 551)
(306, 55) (306, 37)
(306, 66) (306, 396)
(306, 77) (306, 59)
(306, 88) (306, 371)
(306, 99) (306, 94)
(306, 110) (306, 91)
(317, 0) (317, 193)
(317, 11) (317, 56)
(317, 22) (317, 59)
(317, 33) (317, 329)
(317, 44) (317, 328)
(317, 55) (317, 71)
(317, 66) (317, 80)
(317, 77) (317, 354)
(317, 88) (317, 70)
(317, 99) (317, 94)
(317, 110) (317, 70)
(328, 0) (328, 57)
(328, 11) (328, 92)
(328, 22) (328, 36)
(328, 33) (328, 262)
(328, 44) (328, 498)
(328, 55) (328, 71)
(328, 66) (328, 47)
(328, 77) (328, 614)
(328, 88) (328, 116)
(328, 99) (328, 80)
(328, 110) (328, 91)
(339, 0) (339, 488)
(339, 11) (339, 298)
(339, 22) (339, 617)
(339, 33) (339, 214)
(339, 44) (339, 383)
(339, 55) (339, 71)
(339, 66) (339, 47)
(339, 77) (339, 329)
(339, 88) (339, 70)
(339, 99) (339, 80)
(339, 110) (339, 91)
(350, 0) (350, 210)
(350, 11) (350, 416)
(350, 22) (350, 414)
(350, 33) (350, 414)
(350, 44) (350, 385)
(350, 55) (350, 71)
(350, 66) (350, 47)
(350, 77) (350, 618)
(350, 88) (350, 394)
(350, 99) (350, 80)
(350, 110) (350, 91)
(361, 0) (361, 623)
(361, 11) (361, 449)
(361, 22) (361, 198)
(361, 33) (361, 467)
(361, 44) (361, 404)
(361, 55) (361, 118)
(361, 66) (361, 47)
(361, 77) (361, 619)
(361, 88) (361, 35)
(361, 99) (361, 358)
(361, 110) (361, 380)
(372, 0) (372, 522)
(372, 11) (372, 337)
(372, 22) (372, 609)
(372, 33) (372, 601)
(372, 44) (372, 26)
(372, 55) (372, 36)
(372, 66) (372, 47)
(372, 77) (372, 403)
(372, 88) (372, 69)
(372, 99) (372, 403)
(372, 110) (372, 400)
(383, 0) (383, 478)
(383, 11) (383, 47)
(383, 22) (383, 380)
(383, 33) (383, 631)
(383, 44) (383, 107)
(383, 55) (383, 36)
(383, 66) (383, 105)
(383, 77) (383, 47)
(383, 88) (383, 35)
(383, 99) (383, 105)
(383, 110) (383, 77)
(394, 0) (394, 504)
(394, 11) (394, 448)
(394, 22) (394, 165)
(394, 33) (394, 609)
(394, 44) (394, 49)
(394, 55) (394, 36)
(394, 66) (394, 448)
(394, 77) (394, 624)
(394, 88) (394, 35)
(394, 99) (394, 437)
(394, 110) (394, 90)
(405, 0) (405, 540)
(405, 11) (405, 44)
(405, 22) (405, 55)
(405, 33) (405, 29)
(405, 44) (405, 390)
(405, 55) (405, 35)
(405, 66) (405, 46)
(405, 77) (405, 79)
(405, 88) (405, 34)
(405, 99) (405, 191)
(405, 110) (405, 90)
(416, 0) (416, 616)
(416, 11) (416, 622)
(416, 22) (416, 239)
(416, 33) (416, 183)
(416, 44) (416, 391)
(416, 55) (416, 69)
(416, 66) (416, 191)
(416, 77) (416, 369)
(416, 88) (416, 34)
(416, 99) (416, 388)
(416, 110) (416, 90)
(427, 0) (427, 584)
(427, 11) (427, 352)
(427, 22) (427, 334)
(427, 33) (427, 153)
(427, 44) (427, 162)
(427, 55) (427, 35)
(427, 66) (427, 46)
(427, 77) (427, 79)
(427, 88) (427, 68)
(427, 99) (427, 79)
(427, 110) (427, 90)
(438, 0) (438, 239)
(438, 11) (438, 43)
(438, 22) (438, 166)
(438, 33) (438, 37)
(438, 44) (438, 25)
(438, 55) (438, 35)
(438, 66) (438, 46)
(438, 77) (438, 7)
(438, 88) (438, 68)
(438, 99) (438, 79)
(438, 110) (438, 90)
(449, 0) (449, 457)
(449, 11) (449, 580)
(449, 22) (449, 572)
(449, 33) (449, 574)
(449, 44) (449, 60)
(449, 55) (449, 35)
(449, 66) (449, 46)
(449, 77) (449, 57)
(449, 88) (449, 34)
(449, 99) (449, 79)
(449, 110) (449, 90)
(460, 0) (460, 182)
(460, 11) (460, 8)
(460, 22) (460, 51)
(460, 33) (460, 97)
(460, 44) (460, 25)
(460, 55) (460, 35)
(460, 66) (460, 46)
(460, 77) (460, 393)
(460, 88) (460, 68)
(460, 99) (460, 392)
(460, 110) (460, 90)
(471, 0) (471, 73)
(471, 11) (471, 165)
(471, 22) (471, 334)
(471, 33) (471, 14)
(471, 44) (471, 396)
(471, 55) (471, 69)
(471, 66) (471, 46)
(471, 77) (471, 80)
(471, 88) (471, 400)
(471, 99) (471, 79)
(471, 110) (471, 89)
(0, 120) (0, 89)
(0, 131) (0, 115)
(0, 142) (0, 126)
(0, 153) (0, 171)
(0, 164) (0, 44)
(0, 175) (0, 159)
(0, 186) (0, 477)
(0, 197) (0, 210)
(0, 208) (0, 197)
(0, 219) (0, 209)
(0, 230) (0, 570)
(11, 120) (11, 154)
(11, 131) (11, 115)
(11, 142) (11, 126)
(11, 153) (11, 170)
(11, 164) (11, 152)
(11, 175) (11, 159)
(11, 186) (11, 548)
(11, 197) (11, 559)
(11, 208) (11, 220)
(11, 219) (11, 570)
(11, 230) (11, 570)
(22, 120) (22, 133)
(22, 131) (22, 115)
(22, 142) (22, 126)
(22, 153) (22, 137)
(22, 164) (22, 455)
(22, 175) (22, 159)
(22, 186) (22, 220)
(22, 197) (22, 219)
(22, 208) (22, 219)
(22, 219) (22, 219)
(22, 230) (22, 222)
(33, 120) (33, 104)
(33, 131) (33, 115)
(33, 142) (33, 126)
(33, 153) (33, 137)
(33, 164) (33, 455)
(33, 175) (33, 6)
(33, 186) (33, 220)
(33, 197) (33, 219)
(33, 208) (33, 219)
(33, 219) (33, 219)
(33, 230) (33, 222)
(44, 120) (44, 74)
(44, 131) (44, 115)
(44, 142) (44, 126)
(44, 153) (44, 137)
(44, 164) (44, 148)
(44, 175) (44, 164)
(44, 186) (44, 59)
(44, 197) (44, 219)
(44, 208) (44, 219)
(44, 219) (44, 219)
(44, 230) (44, 222)
(55, 120) (55, 365)
(55, 131) (55, 114)
(55, 142) (55, 102)
(55, 153) (55, 137)
(55, 164) (55, 148)
(55, 175) (55, 159)
(55, 186) (55, 176)
(55, 197) (55, 316)
(55, 208) (55, 236)
(55, 219) (55, 247)
(55, 230) (55, 229)
(66, 120) (66, 127)
(66, 131) (66, 114)
(66, 142) (66, 102)
(66, 153) (66, 137)
(66, 164) (66, 148)
(66, 175) (66, 159)
(66, 186) (66, 267)
(66, 197) (66, 316)
(66, 208) (66, 236)
(66, 219) (66, 247)
(66, 230) (66, 229)
(77, 120) (77, 385)
(77, 131) (77, 114)
(77, 142) (77, 102)
(77, 153) (77, 137)
(77, 164) (77, 148)
(77, 175) (77, 159)
(77, 186) (77, 176)
(77, 197) (77, 241)
(77, 208) (77, 236)
(77, 219) (77, 247)
(77, 230) (77, 229)
(88, 120) (88, 103)
(88, 131) (88, 114)
(88, 142) (88, 384)
(88, 153) (88, 137)
(88, 164) (88, 148)
(88, 175) (88, 159)
(88, 186) (88, 176)
(88, 197) (88, 241)
(88, 208) (88, 236)
(88, 219) (88, 247)
(88, 230) (88, 229)
(99, 120) (99, 103)
(99, 131) (99, 114)
(99, 142) (99, 50)
(99, 153) (99, 137)
(99, 164) (99, 148)
(99, 175) (99, 159)
(99, 186) (99, 174)
(99, 197) (99, 241)
(99, 208) (99, 236)
(99, 219) (99, 247)
(99, 230) (99, 229)
(110, 120) (110, 403)
(110, 131) (110, 114)
(110, 142) (110, 126)
(110, 153) (110, 137)
(110, 164) (110, 148)
(110, 175) (110, 158)
(110, 186) (110, 175)
(110, 197) (110, 185)
(110, 208) (110, 196)
(110, 219) (110, 207)
(110, 230) (110, 218)
(121, 120) (121, 83)
(121, 131) (121, 114)
(121, 142) (121, 101)
(121, 153) (121, 137)
(121, 164) (121, 147)
(121, 175) (121, 158)
(121, 186) (121, 175)
(121, 197) (121, 185)
(121, 208) (121, 196)
(121, 219) (121, 207)
(121, 230) (121, 218)
(132, 120) (132, 370)
(132, 131) (132, 114)
(132, 142) (132, 387)
(132, 153) (132, 136)
(132, 164) (132, 147)
(132, 175) (132, 158)
(132, 186) (132, 174)
(132, 197) (132, 185)
(132, 208) (132, 197)
(132, 219) (132, 208)
(132, 230) (132, 218)
(143, 120) (143, 83)
(143, 131) (143, 114)
(143, 142) (143, 101)
(143, 153) (143, 136)
(143, 164) (143, 147)
(143, 175) (143, 158)
(143, 186) (143, 174)
(143, 197) (143, 186)
(143, 208) (143, 197)
(143, 219) (143, 208)
(143, 230) (143, 218)
(154, 120) (154, 371)
(154, 131) (154, 429)
(154, 142) (154, 125)
(154, 153) (154, 136)
(154, 164) (154, 147)
(154, 175) (154, 158)
(154, 186) (154, 174)
(154, 197) (154, 186)
(154, 208) (154, 197)
(154, 219) (154, 208)
(154, 230) (154, 95)
(165, 120) (165, 372)
(165, 131) (165, 114)
(165, 142) (165, 125)
(165, 153) (165, 136)
(165, 164) (165, 147)
(165, 175) (165, 158)
(165, 186) (165, 174)
(165, 197) (165, 186)
(165, 208) (165, 197)
(165, 219) (165, 207)
(165, 230) (165, 383)
(176, 120) (176, 102)
(176, 131) (176, 351)
(176, 142) (176, 101)
(176, 153) (176, 136)
(176, 164) (176, 147)
(176, 175) (176, 158)
(176, 186) (176, 174)
(176, 197) (176, 185)
(176, 208) (176, 55)
(176, 219) (176, 207)
(176, 230) (176, 218)
(187, 120) (187, 89)
(187, 131) (187, 550)
(187, 142) (187, 48)
(187, 153) (187, 136)
(187, 164) (187, 147)
(187, 175) (187, 158)
(187, 186) (187, 174)
(187, 197) (187, 22)
(187, 208) (187, 86)
(187, 219) (187, 207)
(187, 230) (187, 260)
(198, 120) (198, 57)
(198, 131) (198, 113)
(198, 142) (198, 372)
(198, 153) (198, 136)
(198, 164) (198, 147)
(198, 175) (198, 158)
(198, 186) (198, 174)
(198, 197) (198, 185)
(198, 208) (198, 196)
(198, 219) (198, 207)
(198, 230) (198, 219)
(209, 120) (209, 102)
(209, 131) (209, 404)
(209, 142) (209, 47)
(209, 153) (209, 136)
(209, 164) (209, 147)
(209, 175) (209, 158)
(209, 186) (209, 612)
(209, 197) (209, 185)
(209, 208) (209, 32)
(209, 219) (209, 207)
(209, 230) (209, 82)
(220, 120) (220, 102)
(220, 131) (220, 113)
(220, 142) (220, 393)
(220, 153) (220, 136)
(220, 164) (220, 146)
(220, 175) (220, 178)
(220, 186) (220, 231)
(220, 197) (220, 184)
(220, 208) (220, 86)
(220, 219) (220, 207)
(220, 230) (220, 218)
(231, 120) (231, 102)
(231, 131) (231, 113)
(231, 142) (231, 79)
(231, 153) (231, 135)
(231, 164) (231, 146)
(231, 175) (231, 162)
(231, 186) (231, 372)
(231, 197) (231, 184)
(231, 208) (231, 86)
(231, 219) (231, 207)
(231, 230) (231, 75)
(240, 120) (240, 102)
(240, 131) (240, 113)
(240, 142) (240, 79)
(240, 153) (240, 135)
(240, 164) (240, 146)
(240, 175) (240, 162)
(240, 186) (240, 173)
(240, 197) (240, 185)
(240, 208) (240, 86)
(240, 219) (240, 207)
(240, 230) (240, 233)
(251, 120) (251, 101)
(251, 131) (251, 113)
(251, 142) (251, 46)
(251, 153) (251, 135)
(251, 164) (251, 146)
(251, 175) (251, 162)
(251, 186) (251, 173)
(251, 197) (251, 154)
(251, 208) (251, 99)
(251, 219) (251, 380)
(251, 230) (251, 248)
(262, 120) (262, 102)
(262, 131) (262, 384)
(262, 142) (262, 78)
(262, 153) (262, 135)
(262, 164) (262, 146)
(262, 175) (262, 162)
(262, 186) (262, 173)
(262, 197) (262, 154)
(262, 208) (262, 165)
(262, 219) (262, 206)
(262, 230) (262, 216)
(273, 120) (273, 101)
(273, 131) (273, 113)
(273, 142) (273, 124)
(273, 153) (273, 135)
(273, 164) (273, 146)
(273, 175) (273, 98)
(273, 186) (273, 167)
(273, 197) (273, 148)
(273, 208) (273, 165)
(273, 219) (273, 406)
(273, 230) (273, 613)
(284, 120) (284, 101)
(284, 131) (284, 113)
(284, 142) (284, 124)
(284, 153) (284, 135)
(284, 164) (284, 146)
(284, 175) (284, 162)
(284, 186) (284, 166)
(284, 197) (284, 177)
(284, 208) (284, 48)
(284, 219) (284, 347)
(284, 230) (284, 37)
(295, 120) (295, 101)
(295, 131) (295, 113)
(295, 142) (295, 124)
(295, 153) (295, 135)
(295, 164) (295, 146)
(295, 175) (295, 155)
(295, 186) (295, 166)
(295, 197) (295, 177)
(295, 208) (295, 48)
(295, 219) (295, 348)
(295, 230) (295, 390)
(306, 120) (306, 101)
(306, 131) (306, 425)
(306, 142) (306, 224)
(306, 153) (306, 135)
(306, 164) (306, 146)
(306, 175) (306, 155)
(306, 186) (306, 166)
(306, 197) (306, 177)
(306, 208) (306, 94)
(306, 219) (306, 199)
(306, 230) (306, 116)
(317, 120) (317, 101)
(317, 131) (317, 368)
(317, 142) (317, 124)
(317, 153) (317, 135)
(317, 164) (317, 146)
(317, 175) (317, 155)
(317, 186) (317, 166)
(317, 197) (317, 177)
(317, 208) (317, 48)
(317, 219) (317, 343)
(317, 230) (317, 90)
(328, 120) (328, 101)
(328, 131) (328, 334)
(328, 142) (328, 123)
(328, 153) (328, 135)
(328, 164) (328, 145)
(328, 175) (328, 154)
(328, 186) (328, 165)
(328, 197) (328, 176)
(328, 208) (328, 94)
(328, 219) (328, 204)
(328, 230) (328, 215)
(339, 120) (339, 101)
(339, 131) (339, 389)
(339, 142) (339, 123)
(339, 153) (339, 134)
(339, 164) (339, 145)
(339, 175) (339, 154)
(339, 186) (339, 165)
(339, 197) (339, 176)
(339, 208) (339, 400)
(339, 219) (339, 204)
(339, 230) (339, 302)
(350, 120) (350, 101)
(350, 131) (350, 390)
(350, 142) (350, 123)
(350, 153) (350, 134)
(350, 164) (350, 145)
(350, 175) (350, 161)
(350, 186) (350, 165)
(350, 197) (350, 396)
(350, 208) (350, 94)
(350, 219) (350, 534)
(350, 230) (350, 305)
(361, 120) (361, 101)
(361, 131) (361, 391)
(361, 142) (361, 123)
(361, 153) (361, 134)
(361, 164) (361, 145)
(361, 175) (361, 160)
(361, 186) (361, 165)
(361, 197) (361, 379)
(361, 208) (361, 106)
(361, 219) (361, 398)
(361, 230) (361, 9)
(372, 120) (372, 101)
(372, 131) (372, 86)
(372, 142) (372, 123)
(372, 153) (372, 134)
(372, 164) (372, 145)
(372, 175) (372, 160)
(372, 186) (372, 171)
(372, 197) (372, 155)
(372, 208) (372, 213)
(372, 219) (372, 226)
(372, 230) (372, 222)
(383, 120) (383, 363)
(383, 131) (383, 199)
(383, 142) (383, 123)
(383, 153) (383, 134)
(383, 164) (383, 145)
(383, 175) (383, 160)
(383, 186) (383, 171)
(383, 197) (383, 31)
(383, 208) (383, 80)
(383, 219) (383, 117)
(383, 230) (383, 135)
(394, 120) (394, 101)
(394, 131) (394, 394)
(394, 142) (394, 123)
(394, 153) (394, 134)
(394, 164) (394, 145)
(394, 175) (394, 160)
(394, 186) (394, 171)
(394, 197) (394, 70)
(394, 208) (394, 193)
(394, 219) (394, 204)
(394, 230) (394, 215)
(405, 120) (405, 100)
(405, 131) (405, 30)
(405, 142) (405, 123)
(405, 153) (405, 134)
(405, 164) (405, 145)
(405, 175) (405, 159)
(405, 186) (405, 170)
(405, 197) (405, 70)
(405, 208) (405, 81)
(405, 219) (405, 204)
(405, 230) (405, 215)
(416, 120) (416, 101)
(416, 131) (416, 64)
(416, 142) (416, 123)
(416, 153) (416, 134)
(416, 164) (416, 148)
(416, 175) (416, 159)
(416, 186) (416, 170)
(416, 197) (416, 70)
(416, 208) (416, 81)
(416, 219) (416, 204)
(416, 230) (416, 129)
(427, 120) (427, 100)
(427, 131) (427, 64)
(427, 142) (427, 123)
(427, 153) (427, 133)
(427, 164) (427, 148)
(427, 175) (427, 159)
(427, 186) (427, 170)
(427, 197) (427, 70)
(427, 208) (427, 391)
(427, 219) (427, 118)
(427, 230) (427, 129)
(438, 120) (438, 100)
(438, 131) (438, 63)
(438, 142) (438, 122)
(438, 153) (438, 133)
(438, 164) (438, 148)
(438, 175) (438, 159)
(438, 186) (438, 170)
(438, 197) (438, 181)
(438, 208) (438, 59)
(438, 219) (438, 203)
(438, 230) (438, 129)
(449, 120) (449, 100)
(449, 131) (449, 63)
(449, 142) (449, 122)
(449, 153) (449, 133)
(449, 164) (449, 148)
(449, 175) (449, 159)
(449, 186) (449, 322)
(449, 197) (449, 36)
(449, 208) (449, 59)
(449, 219) (449, 203)
(449, 230) (449, 129)
(460, 120) (460, 406)
(460, 131) (460, 196)
(460, 142) (460, 122)
(460, 153) (460, 133)
(460, 164) (460, 148)
(460, 175) (460, 158)
(460, 186) (460, 169)
(460, 197) (460, 180)
(460, 208) (460, 192)
(460, 219) (460, 203)
(460, 230) (460, 264)
(471, 120) (471, 364)
(471, 131) (471, 195)
(471, 142) (471, 122)
(471, 153) (471, 133)
(471, 164) (471, 148)
(471, 175) (471, 158)
(471, 186) (471, 169)
(471, 197) (471, 71)
(471, 208) (471, 396)
(471, 219) (471, 202)
(471, 230) (471, 212)
(0, 240) (0, 227)
(0, 251) (0, 238)
(0, 262) (0, 249)
(0, 273) (0, 260)
(0, 284) (0, 154)
(0, 295) (0, 282)
(0, 306) (0, 293)
(0, 317) (0, 304)
(0, 328) (0, 315)
(0, 339) (0, 326)
(0, 350) (0, 337)
(11, 240) (11, 227)
(11, 251) (11, 238)
(11, 262) (11, 249)
(11, 273) (11, 260)
(11, 284) (11, 271)
(11, 295) (11, 282)
(11, 306) (11, 293)
(11, 317) (11, 304)
(11, 328) (11, 315)
(11, 339) (11, 326)
(11, 350) (11, 337)
(22, 240) (22, 228)
(22, 251) (22, 238)
(22, 262) (22, 249)
(22, 273) (22, 260)
(22, 284) (22, 271)
(22, 295) (22, 282)
(22, 306) (22, 293)
(22, 317) (22, 304)
(22, 328) (22, 315)
(22, 339) (22, 326)
(22, 350) (22, 337)
(33, 240) (33, 228)
(33, 251) (33, 238)
(33, 262) (33, 249)
(33, 273) (33, 260)
(33, 284) (33, 271)
(33, 295) (33, 282)
(33, 306) (33, 293)
(33, 317) (33, 304)
(33, 328) (33, 315)
(33, 339) (33, 326)
(33, 350) (33, 337)
(44, 240) (44, 228)
(44, 251) (44, 238)
(44, 262) (44, 249)
(44, 273) (44, 260)
(44, 284) (44, 271)
(44, 295) (44, 282)
(44, 306) (44, 293)
(44, 317) (44, 304)
(44, 328) (44, 315)
(44, 339) (44, 325)
(44, 350) (44, 309)
(55, 240) (55, 251)
(55, 251) (55, 245)
(55, 262) (55, 256)
(55, 273) (55, 267)
(55, 284) (55, 288)
(55, 295) (55, 282)
(55, 306) (55, 53)
(55, 317) (55, 307)
(55, 328) (55, 298)
(55, 339) (55, 325)
(55, 350) (55, 342)
(66, 240) (66, 251)
(66, 251) (66, 245)
(66, 262) (66, 256)
(66, 273) (66, 266)
(66, 284) (66, 288)
(66, 295) (66, 282)
(66, 306) (66, 219)
(66, 317) (66, 307)
(66, 328) (66, 298)
(66, 339) (66, 325)
(66, 350) (66, 342)
(77, 240) (77, 251)
(77, 251) (77, 245)
(77, 262) (77, 256)
(77, 273) (77, 267)
(77, 284) (77, 274)
(77, 295) (77, 285)
(77, 306) (77, 296)
(77, 317) (77, 307)
(77, 328) (77, 314)
(77, 339) (77, 325)
(77, 350) (77, 336)
(88, 240) (88, 251)
(88, 251) (88, 245)
(88, 262) (88, 256)
(88, 273) (88, 267)
(88, 284) (88, 274)
(88, 295) (88, 285)
(88, 306) (88, 296)
(88, 317) (88, 307)
(88, 328) (88, 314)
(88, 339) (88, 325)
(88, 350) (88, 336)
(99, 240) (99, 251)
(99, 251) (99, 245)
(99, 262) (99, 256)
(99, 273) (99, 267)
(99, 284) (99, 274)
(99, 295) (99, 285)
(99, 306) (99, 296)
(99, 317) (99, 307)
(99, 328) (99, 314)
(99, 339) (99, 324)
(99, 350) (99, 335)
(110, 240) (110, 228)
(110, 251) (110, 239)
(110, 262) (110, 250)
(110, 273) (110, 261)
(110, 284) (110, 272)
(110, 295) (110, 283)
(110, 306) (110, 294)
(110, 317) (110, 305)
(110, 328) (110, 316)
(110, 339) (110, 300)
(110, 350) (110, 335)
(121, 240) (121, 228)
(121, 251) (121, 239)
(121, 262) (121, 250)
(121, 273) (121, 261)
(121, 284) (121, 272)
(121, 295) (121, 279)
(121, 306) (121, 279)
(121, 317) (121, 279)
(121, 328) (121, 316)
(121, 339) (121, 300)
(121, 350) (121, 338)
(132, 240) (132, 218)
(132, 251) (132, 218)
(132, 262) (132, 248)
(132, 273) (132, 259)
(132, 284) (132, 265)
(132, 295) (132, 265)
(132, 306) (132, 265)
(132, 317) (132, 265)
(132, 328) (132, 265)
(132, 339) (132, 315)
(132, 350) (132, 250)
(143, 240) (143, 228)
(143, 251) (143, 239)
(143, 262) (143, 250)
(143, 273) (143, 262)
(143, 284) (143, 266)
(143, 295) (143, 274)
(143, 306) (143, 272)
(143, 317) (143, 305)
(143, 328) (143, 316)
(143, 339) (143, 303)
(143, 350) (143, 216)
(154, 240) (154, 228)
(154, 251) (154, 239)
(154, 262) (154, 250)
(154, 273) (154, 261)
(154, 284) (154, 266)
(154, 295) (154, 264)
(154, 306) (154, 264)
(154, 317) (154, 305)
(154, 328) (154, 316)
(154, 339) (154, 40)
(154, 350) (154, 338)
(165, 240) (165, 228)
(165, 251) (165, 239)
(165, 262) (165, 251)
(165, 273) (165, 261)
(165, 284) (165, 272)
(165, 295) (165, 283)
(165, 306) (165, 294)
(165, 317) (165, 216)
(165, 328) (165, 204)
(165, 339) (165, 327)
(165, 350) (165, 218)
(176, 240) (176, 228)
(176, 251) (176, 239)
(176, 262) (176, 250)
(176, 273) (176, 261)
(176, 284) (176, 272)
(176, 295) (176, 283)
(176, 306) (176, 294)
(176, 317) (176, 305)
(176, 328) (176, 235)
(176, 339) (176, 327)
(176, 350) (176, 338)
(187, 240) (187, 228)
(187, 251) (187, 236)
(187, 262) (187, 242)
(187, 273) (187, 220)
(187, 284) (187, 235)
(187, 295) (187, 260)
(187, 306) (187, 275)
(187, 317) (187, 275)
(187, 328) (187, 258)
(187, 339) (187, 277)
(187, 350) (187, 336)
(198, 240) (198, 224)
(198, 251) (198, 224)
(198, 262) (198, 224)
(198, 273) (198, 224)
(198, 284) (198, 224)
(198, 295) (198, 262)
(198, 306) (198, 271)
(198, 317) (198, 280)
(198, 328) (198, 262)
(198, 339) (198, 273)
(198, 350) (198, 337)
(209, 240) (209, 228)
(209, 251) (209, 239)
(209, 262) (209, 249)
(209, 273) (209, 260)
(209, 284) (209, 271)
(209, 295) (209, 282)
(209, 306) (209, 293)
(209, 317) (209, 304)
(209, 328) (209, 312)
(209, 339) (209, 326)
(209, 350) (209, 337)
(220, 240) (220, 540)
(220, 251) (220, 239)
(220, 262) (220, 249)
(220, 273) (220, 260)
(220, 284) (220, 271)
(220, 295) (220, 282)
(220, 306) (220, 290)
(220, 317) (220, 304)
(220, 328) (220, 315)
(220, 339) (220, 326)
(220, 350) (220, 337)
(231, 240) (231, 228)
(231, 251) (231, 238)
(231, 262) (231, 249)
(231, 273) (231, 260)
(231, 284) (231, 271)
(231, 295) (231, 282)
(231, 306) (231, 293)
(231, 317) (231, 304)
(231, 328) (231, 374)
(231, 339) (231, 326)
(231, 350) (231, 337)
(240, 240) (240, 228)
(240, 251) (240, 54)
(240, 262) (240, 249)
(240, 273) (240, 260)
(240, 284) (240, 271)
(240, 295) (240, 282)
(240, 306) (240, 293)
(240, 317) (240, 304)
(240, 328) (240, 315)
(240, 339) (240, 330)
(240, 350) (240, 336)
(251, 240) (251, 248)
(251, 251) (251, 243)
(251, 262) (251, 249)
(251, 273) (251, 261)
(251, 284) (251, 271)
(251, 295) (251, 282)
(251, 306) (251, 599)
(251, 317) (251, 261)
(251, 328) (251, 318)
(251, 339) (251, 248)
(251, 350) (251, 338)
(262, 240) (262, 249)
(262, 251) (262, 258)
(262, 262) (262, 242)
(262, 273) (262, 255)
(262, 284) (262, 255)
(262, 295) (262, 255)
(262, 306) (262, 286)
(262, 317) (262, 300)
(262, 328) (262, 298)
(262, 339) (262, 324)
(262, 350) (262, 335)
(273, 240) (273, 226)
(273, 251) (273, 259)
(273, 262) (273, 263)
(273, 273) (273, 272)
(273, 284) (273, 263)
(273, 295) (273, 263)
(273, 306) (273, 263)
(273, 317) (273, 275)
(273, 328) (273, 278)
(273, 339) (273, 421)
(273, 350) (273, 389)
(284, 240) (284, 226)
(284, 251) (284, 237)
(284, 262) (284, 262)
(284, 273) (284, 260)
(284, 284) (284, 279)
(284, 295) (284, 290)
(284, 306) (284, 301)
(284, 317) (284, 309)
(284, 328) (284, 309)
(284, 339) (284, 324)
(284, 350) (284, 117)
(295, 240) (295, 226)
(295, 251) (295, 237)
(295, 262) (295, 248)
(295, 273) (295, 268)
(295, 284) (295, 279)
(295, 295) (295, 290)
(295, 306) (295, 54)
(295, 317) (295, 313)
(295, 328) (295, 324)
(295, 339) (295, 324)
(295, 350) (295, 427)
(306, 240) (306, 126)
(306, 251) (306, 237)
(306, 262) (306, 271)
(306, 273) (306, 271)
(306, 284) (306, 279)
(306, 295) (306, 290)
(306, 306) (306, 443)
(306, 317) (306, 312)
(306, 328) (306, 87)
(306, 339) (306, 384)
(306, 350) (306, 448)
(317, 240) (317, 126)
(317, 251) (317, 274)
(317, 262) (317, 274)
(317, 273) (317, 274)
(317, 284) (317, 274)
(317, 295) (317, 290)
(317, 306) (317, 384)
(317, 317) (317, 313)
(317, 328) (317, 317)
(317, 339) (317, 524)
(317, 350) (317, 335)
(328, 240) (328, 262)
(328, 251) (328, 262)
(328, 262) (328, 262)
(328, 273) (328, 262)
(328, 284) (328, 262)
(328, 295) (328, 262)
(328, 306) (328, 302)
(328, 317) (328, 190)
(328, 328) (328, 212)
(328, 339) (328, 302)
(328, 350) (328, 307)
(339, 240) (339, 302)
(339, 251) (339, 302)
(339, 262) (339, 302)
(339, 273) (339, 302)
(339, 284) (339, 300)
(339, 295) (339, 302)
(339, 306) (339, 290)
(339, 317) (339, 154)
(339, 328) (339, 308)
(339, 339) (339, 303)
(339, 350) (339, 335)
(350, 240) (350, 305)
(350, 251) (350, 305)
(350, 262) (350, 305)
(350, 273) (350, 305)
(350, 284) (350, 269)
(350, 295) (350, 305)
(350, 306) (350, 291)
(350, 317) (350, 301)
(350, 328) (350, 305)
(350, 339) (350, 322)
(350, 350) (350, 31)
(361, 240) (361, 9)
(361, 251) (361, 9)
(361, 262) (361, 9)
(361, 273) (361, 302)
(361, 284) (361, 311)
(361, 295) (361, 316)
(361, 306) (361, 298)
(361, 317) (361, 298)
(361, 328) (361, 310)
(361, 339) (361, 325)
(361, 350) (361, 335)
(372, 240) (372, 224)
(372, 251) (372, 33)
(372, 262) (372, 161)
(372, 273) (372, 161)
(372, 284) (372, 393)
(372, 295) (372, 66)
(372, 306) (372, 33)
(372, 317) (372, 33)
(372, 328) (372, 314)
(372, 339) (372, 314)
(372, 350) (372, 334)
(383, 240) (383, 145)
(383, 251) (383, 145)
(383, 262) (383, 145)
(383, 273) (383, 178)
(383, 284) (383, 309)
(383, 295) (383, 127)
(383, 306) (383, 36)
(383, 317) (383, 303)
(383, 328) (383, 310)
(383, 339) (383, 301)
(383, 350) (383, 306)
(394, 240) (394, 141)
(394, 251) (394, 152)
(394, 262) (394, 247)
(394, 273) (394, 198)
(394, 284) (394, 290)
(394, 295) (394, 138)
(394, 306) (394, 151)
(394, 317) (394, 147)
(394, 328) (394, 148)
(394, 339) (394, 321)
(394, 350) (394, 333)
(405, 240) (405, 138)
(405, 251) (405, 236)
(405, 262) (405, 247)
(405, 273) (405, 116)
(405, 284) (405, 269)
(405, 295) (405, 280)
(405, 306) (405, 292)
(405, 317) (405, 298)
(405, 328) (405, 310)
(405, 339) (405, 322)
(405, 350) (405, 333)
(416, 240) (416, 139)
(416, 251) (416, 235)
(416, 262) (416, 247)
(416, 273) (416, 258)
(416, 284) (416, 269)
(416, 295) (416, 280)
(416, 306) (416, 291)
(416, 317) (416, 298)
(416, 328) (416, 310)
(416, 339) (416, 321)
(416, 350) (416, 231)
(427, 240) (427, 139)
(427, 251) (427, 170)
(427, 262) (427, 247)
(427, 273) (427, 258)
(427, 284) (427, 269)
(427, 295) (427, 280)
(427, 306) (427, 291)
(427, 317) (427, 298)
(427, 328) (427, 310)
(427, 339) (427, 320)
(427, 350) (427, 331)
(438, 240) (438, 139)
(438, 251) (438, 153)
(438, 262) (438, 288)
(438, 273) (438, 288)
(438, 284) (438, 269)
(438, 295) (438, 280)
(438, 306) (438, 291)
(438, 317) (438, 298)
(438, 328) (438, 310)
(438, 339) (438, 320)
(438, 350) (438, 331)
(449, 240) (449, 217)
(449, 251) (449, 131)
(449, 262) (449, 288)
(449, 273) (449, 288)
(449, 284) (449, 288)
(449, 295) (449, 280)
(449, 306) (449, 288)
(449, 317) (449, 298)
(449, 328) (449, 310)
(449, 339) (449, 320)
(449, 350) (449, 331)
(460, 240) (460, 223)
(460, 251) (460, 626)
(460, 262) (460, 287)
(460, 273) (460, 287)
(460, 284) (460, 287)
(460, 295) (460, 280)
(460, 306) (460, 287)
(460, 317) (460, 298)
(460, 328) (460, 310)
(460, 339) (460, 320)
(460, 350) (460, 331)
(471, 240) (471, 222)
(471, 251) (471, 240)
(471, 262) (471, 287)
(471, 273) (471, 287)
(471, 284) (471, 287)
(471, 295) (471, 287)
(471, 306) (471, 287)
(471, 317) (471, 298)
(471, 328) (471, 310)
(471, 339) (471, 321)
(471, 350) (471, 332)
(0, 360) (0, 347)
(0, 371) (0, 358)
(0, 382) (0, 369)
(0, 393) (0, 380)
(0, 404) (0, 391)
(0, 415) (0, 325)
(0, 426) (0, 409)
(0, 437) (0, 420)
(0, 448) (0, 431)
(0, 459) (0, 442)
(0, 470) (0, 453)
(11, 360) (11, 348)
(11, 371) (11, 359)
(11, 382) (11, 369)
(11, 393) (11, 380)
(11, 404) (11, 391)
(11, 415) (11, 398)
(11, 426) (11, 409)
(11, 437) (11, 420)
(11, 448) (11, 431)
(11, 459) (11, 442)
(11, 470) (11, 453)
(22, 360) (22, 348)
(22, 371) (22, 359)
(22, 382) (22, 369)
(22, 393) (22, 380)
(22, 404) (22, 461)
(22, 415) (22, 398)
(22, 426) (22, 409)
(22, 437) (22, 420)
(22, 448) (22, 431)
(22, 459) (22, 442)
(22, 470) (22, 453)
(33, 360) (33, 257)
(33, 371) (33, 126)
(33, 382) (33, 133)
(33, 393) (33, 380)
(33, 404) (33, 390)
(33, 415) (33, 398)
(33, 426) (33, 409)
(33, 437) (33, 420)
(33, 448) (33, 431)
(33, 459) (33, 135)
(33, 470) (33, 453)
(44, 360) (44, 221)
(44, 371) (44, 188)
(44, 382) (44, 88)
(44, 393) (44, 379)
(44, 404) (44, 392)
(44, 415) (44, 543)
(44, 426) (44, 97)
(44, 437) (44, 420)
(44, 448) (44, 431)
(44, 459) (44, 371)
(44, 470) (44, 617)
(55, 360) (55, 349)
(55, 371) (55, 21)
(55, 382) (55, 368)
(55, 393) (55, 379)
(55, 404) (55, 447)
(55, 415) (55, 473)
(55, 426) (55, 409)
(55, 437) (55, 420)
(55, 448) (55, 430)
(55, 459) (55, 613)
(55, 470) (55, 591)
(66, 360) (66, 341)
(66, 371) (66, 376)
(66, 382) (66, 368)
(66, 393) (66, 379)
(66, 404) (66, 390)
(66, 415) (66, 459)
(66, 426) (66, 58)
(66, 437) (66, 129)
(66, 448) (66, 107)
(66, 459) (66, 588)
(66, 470) (66, 610)
(77, 360) (77, 346)
(77, 371) (77, 64)
(77, 382) (77, 368)
(77, 393) (77, 67)
(77, 404) (77, 371)
(77, 415) (77, 401)
(77, 426) (77, 64)
(77, 437) (77, 420)
(77, 448) (77, 421)
(77, 459) (77, 606)
(77, 470) (77, 606)
(88, 360) (88, 345)
(88, 371) (88, 375)
(88, 382) (88, 367)
(88, 393) (88, 395)
(88, 404) (88, 56)
(88, 415) (88, 366)
(88, 426) (88, 356)
(88, 437) (88, 419)
(88, 448) (88, 430)
(88, 459) (88, 93)
(88, 470) (88, 13)
(99, 360) (99, 345)
(99, 371) (99, 356)
(99, 382) (99, 367)
(99, 393) (99, 395)
(99, 404) (99, 55)
(99, 415) (99, 428)
(99, 426) (99, 355)
(99, 437) (99, 50)
(99, 448) (99, 367)
(99, 459) (99, 441)
(99, 470) (99, 456)
(110, 360) (110, 345)
(110, 371) (110, 91)
(110, 382) (110, 402)
(110, 393) (110, 412)
(110, 404) (110, 370)
(110, 415) (110, 400)
(110, 426) (110, 355)
(110, 437) (110, 385)
(110, 448) (110, 367)
(110, 459) (110, 421)
(110, 470) (110, 377)
(121, 360) (121, 345)
(121, 371) (121, 90)
(121, 382) (121, 430)
(121, 393) (121, 41)
(121, 404) (121, 370)
(121, 415) (121, 400)
(121, 426) (121, 37)
(121, 437) (121, 384)
(121, 448) (121, 429)
(121, 459) (121, 440)
(121, 470) (121, 398)
(132, 360) (132, 347)
(132, 371) (132, 59)
(132, 382) (132, 386)
(132, 393) (132, 62)
(132, 404) (132, 370)
(132, 415) (132, 428)
(132, 426) (132, 354)
(132, 437) (132, 545)
(132, 448) (132, 429)
(132, 459) (132, 440)
(132, 470) (132, 436)
(143, 360) (143, 348)
(143, 371) (143, 53)
(143, 382) (143, 421)
(143, 393) (143, 105)
(143, 404) (143, 82)
(143, 415) (143, 428)
(143, 426) (143, 410)
(143, 437) (143, 383)
(143, 448) (143, 429)
(143, 459) (143, 599)
(143, 470) (143, 40)
(154, 360) (154, 210)
(154, 371) (154, 387)
(154, 382) (154, 430)
(154, 393) (154, 91)
(154, 404) (154, 370)
(154, 415) (154, 428)
(154, 426) (154, 132)
(154, 437) (154, 545)
(154, 448) (154, 384)
(154, 459) (154, 440)
(154, 470) (154, 132)
(165, 360) (165, 348)
(165, 371) (165, 387)
(165, 382) (165, 358)
(165, 393) (165, 377)
(165, 404) (165, 388)
(165, 415) (165, 400)
(165, 426) (165, 131)
(165, 437) (165, 382)
(165, 448) (165, 400)
(165, 459) (165, 547)
(165, 470) (165, 295)
(176, 360) (176, 348)
(176, 371) (176, 386)
(176, 382) (176, 96)
(176, 393) (176, 394)
(176, 404) (176, 388)
(176, 415) (176, 364)
(176, 426) (176, 53)
(176, 437) (176, 545)
(176, 448) (176, 364)
(176, 459) (176, 555)
(176, 470) (176, 457)
(187, 360) (187, 348)
(187, 371) (187, 422)
(187, 382) (187, 385)
(187, 393) (187, 377)
(187, 404) (187, 388)
(187, 415) (187, 364)
(187, 426) (187, 52)
(187, 437) (187, 381)
(187, 448) (187, 428)
(187, 459) (187, 63)
(187, 470) (187, 456)
(198, 360) (198, 347)
(198, 371) (198, 43)
(198, 382) (198, 431)
(198, 393) (198, 376)
(198, 404) (198, 44)
(198, 415) (198, 399)
(198, 426) (198, 410)
(198, 437) (198, 343)
(198, 448) (198, 428)
(198, 459) (198, 438)
(198, 470) (198, 456)
(209, 360) (209, 347)
(209, 371) (209, 359)
(209, 382) (209, 366)
(209, 393) (209, 338)
(209, 404) (209, 43)
(209, 415) (209, 428)
(209, 426) (209, 81)
(209, 437) (209, 58)
(209, 448) (209, 398)
(209, 459) (209, 60)
(209, 470) (209, 486)
(220, 360) (220, 347)
(220, 371) (220, 432)
(220, 382) (220, 357)
(220, 393) (220, 338)
(220, 404) (220, 609)
(220, 415) (220, 399)
(220, 426) (220, 615)
(220, 437) (220, 341)
(220, 448) (220, 427)
(220, 459) (220, 58)
(220, 470) (220, 92)
(231, 360) (231, 347)
(231, 371) (231, 117)
(231, 382) (231, 431)
(231, 393) (231, 52)
(231, 404) (231, 63)
(231, 415) (231, 88)
(231, 426) (231, 393)
(231, 437) (231, 87)
(231, 448) (231, 437)
(231, 459) (231, 343)
(231, 470) (231, 442)
(240, 360) (240, 346)
(240, 371) (240, 358)
(240, 382) (240, 431)
(240, 393) (240, 192)
(240, 404) (240, 387)
(240, 415) (240, 101)
(240, 426) (240, 374)
(240, 437) (240, 397)
(240, 448) (240, 427)
(240, 459) (240, 381)
(240, 470) (240, 615)
(251, 360) (251, 346)
(251, 371) (251, 69)
(251, 382) (251, 365)
(251, 393) (251, 376)
(251, 404) (251, 368)
(251, 415) (251, 32)
(251, 426) (251, 10)
(251, 437) (251, 396)
(251, 448) (251, 427)
(251, 459) (251, 428)
(251, 470) (251, 42)
(262, 360) (262, 346)
(262, 371) (262, 89)
(262, 382) (262, 384)
(262, 393) (262, 376)
(262, 404) (262, 368)
(262, 415) (262, 381)
(262, 426) (262, 168)
(262, 437) (262, 378)
(262, 448) (262, 427)
(262, 459) (262, 428)
(262, 470) (262, 498)
(273, 360) (273, 346)
(273, 371) (273, 365)
(273, 382) (273, 365)
(273, 393) (273, 376)
(273, 404) (273, 424)
(273, 415) (273, 52)
(273, 426) (273, 167)
(273, 437) (273, 50)
(273, 448) (273, 613)
(273, 459) (273, 428)
(273, 470) (273, 475)
(284, 360) (284, 362)
(284, 371) (284, 357)
(284, 382) (284, 401)
(284, 393) (284, 376)
(284, 404) (284, 114)
(284, 415) (284, 398)
(284, 426) (284, 372)
(284, 437) (284, 395)
(284, 448) (284, 116)
(284, 459) (284, 353)
(284, 470) (284, 448)
(295, 360) (295, 362)
(295, 371) (295, 357)
(295, 382) (295, 357)
(295, 393) (295, 375)
(295, 404) (295, 113)
(295, 415) (295, 397)
(295, 426) (295, 372)
(295, 437) (295, 377)
(295, 448) (295, 426)
(295, 459) (295, 437)
(295, 470) (295, 427)
(306, 360) (306, 107)
(306, 371) (306, 432)
(306, 382) (306, 357)
(306, 393) (306, 454)
(306, 404) (306, 303)
(306, 415) (306, 397)
(306, 426) (306, 408)
(306, 437) (306, 546)
(306, 448) (306, 425)
(306, 459) (306, 352)
(306, 470) (306, 427)
(317, 360) (317, 106)
(317, 371) (317, 340)
(317, 382) (317, 341)
(317, 393) (317, 454)
(317, 404) (317, 366)
(317, 415) (317, 397)
(317, 426) (317, 90)
(317, 437) (317, 76)
(317, 448) (317, 112)
(317, 459) (317, 436)
(317, 470) (317, 334)
(328, 360) (328, 389)
(328, 371) (328, 356)
(328, 382) (328, 422)
(328, 393) (328, 375)
(328, 404) (328, 386)
(328, 415) (328, 397)
(328, 426) (328, 622)
(328, 437) (328, 42)
(328, 448) (328, 426)
(328, 459) (328, 369)
(328, 470) (328, 388)
(339, 360) (339, 87)
(339, 371) (339, 356)
(339, 382) (339, 400)
(339, 393) (339, 394)
(339, 404) (339, 359)
(339, 415) (339, 397)
(339, 426) (339, 390)
(339, 437) (339, 379)
(339, 448) (339, 386)
(339, 459) (339, 436)
(339, 470) (339, 447)
(350, 360) (350, 65)
(350, 371) (350, 338)
(350, 382) (350, 93)
(350, 393) (350, 394)
(350, 404) (350, 403)
(350, 415) (350, 396)
(350, 426) (350, 439)
(350, 437) (350, 418)
(350, 448) (350, 385)
(350, 459) (350, 360)
(350, 470) (350, 387)
(361, 360) (361, 103)
(361, 371) (361, 355)
(361, 382) (361, 79)
(361, 393) (361, 374)
(361, 404) (361, 385)
(361, 415) (361, 396)
(361, 426) (361, 429)
(361, 437) (361, 175)
(361, 448) (361, 359)
(361, 459) (361, 107)
(361, 470) (361, 446)
(372, 360) (372, 343)
(372, 371) (372, 431)
(372, 382) (372, 432)
(372, 393) (372, 374)
(372, 404) (372, 425)
(372, 415) (372, 396)
(372, 426) (372, 389)
(372, 437) (372, 120)
(372, 448) (372, 402)
(372, 459) (372, 403)
(372, 470) (372, 47)
(383, 360) (383, 426)
(383, 371) (383, 64)
(383, 382) (383, 432)
(383, 393) (383, 200)
(383, 404) (383, 403)
(383, 415) (383, 396)
(383, 426) (383, 108)
(383, 437) (383, 119)
(383, 448) (383, 78)
(383, 459) (383, 403)
(383, 470) (383, 446)
(394, 360) (394, 92)
(394, 371) (394, 398)
(394, 382) (394, 538)
(394, 393) (394, 394)
(394, 404) (394, 343)
(394, 415) (394, 396)
(394, 426) (394, 535)
(394, 437) (394, 118)
(394, 448) (394, 434)
(394, 459) (394, 359)
(394, 470) (394, 621)
(405, 360) (405, 342)
(405, 371) (405, 420)
(405, 382) (405, 100)
(405, 393) (405, 352)
(405, 404) (405, 359)
(405, 415) (405, 395)
(405, 426) (405, 388)
(405, 437) (405, 203)
(405, 448) (405, 424)
(405, 459) (405, 402)
(405, 470) (405, 384)
(416, 360) (416, 76)
(416, 371) (416, 121)
(416, 382) (416, 48)
(416, 393) (416, 84)
(416, 404) (416, 384)
(416, 415) (416, 375)
(416, 426) (416, 406)
(416, 437) (416, 202)
(416, 448) (416, 358)
(416, 459) (416, 445)
(416, 470) (416, 445)
(427, 360) (427, 446)
(427, 371) (427, 125)
(427, 382) (427, 441)
(427, 393) (427, 83)
(427, 404) (427, 425)
(427, 415) (427, 111)
(427, 426) (427, 103)
(427, 437) (427, 114)
(427, 448) (427, 400)
(427, 459) (427, 434)
(427, 470) (427, 571)
(438, 360) (438, 410)
(438, 371) (438, 354)
(438, 382) (438, 408)
(438, 393) (438, 60)
(438, 404) (438, 402)
(438, 415) (438, 61)
(438, 426) (438, 439)
(438, 437) (438, 113)
(438, 448) (438, 423)
(438, 459) (438, 434)
(438, 470) (438, 445)
(449, 360) (449, 342)
(449, 371) (449, 354)
(449, 382) (449, 347)
(449, 393) (449, 585)
(449, 404) (449, 38)
(449, 415) (449, 60)
(449, 426) (449, 41)
(449, 437) (449, 112)
(449, 448) (449, 379)
(449, 459) (449, 340)
(449, 470) (449, 445)
(460, 360) (460, 403)
(460, 371) (460, 353)
(460, 382) (460, 364)
(460, 393) (460, 555)
(460, 404) (460, 383)
(460, 415) (460, 395)
(460, 426) (460, 387)
(460, 437) (460, 111)
(460, 448) (460, 314)
(460, 459) (460, 163)
(460, 470) (460, 393)
(471, 360) (471, 35)
(471, 371) (471, 441)
(471, 382) (471, 364)
(471, 393) (471, 356)
(471, 404) (471, 35)
(471, 415) (471, 80)
(471, 426) (471, 386)
(471, 437) (471, 373)
(471, 448) (471, 314)
(471, 459) (471, 381)
(471, 470) (471, 392)
(0, 480) (0, 463)
(0, 491) (0, 474)
(0, 502) (0, 570)
(0, 513) (0, 570)
(0, 524) (0, 570)
(0, 535) (0, 570)
(0, 546) (0, 570)
(0, 557) (0, 570)
(0, 568) (0, 570)
(0, 579) (0, 570)
(0, 590) (0, 570)
(11, 480) (11, 463)
(11, 491) (11, 474)
(11, 502) (11, 570)
(11, 513) (11, 570)
(11, 524) (11, 570)
(11, 535) (11, 570)
(11, 546) (11, 570)
(11, 557) (11, 570)
(11, 568) (11, 570)
(11, 579) (11, 570)
(11, 590) (11, 570)
(22, 480) (22, 463)
(22, 491) (22, 601)
(22, 502) (22, 598)
(22, 513) (22, 598)
(22, 524) (22, 598)
(22, 535) (22, 598)
(22, 546) (22, 598)
(22, 557) (22, 597)
(22, 568) (22, 598)
(22, 579) (22, 599)
(22, 590) (22, 601)
(33, 480) (33, 609)
(33, 491) (33, 609)
(33, 502) (33, 609)
(33, 513) (33, 609)
(33, 524) (33, 609)
(33, 535) (33, 609)
(33, 546) (33, 609)
(33, 557) (33, 609)
(33, 568) (33, 609)
(33, 579) (33, 609)
(33, 590) (33, 609)
(44, 480) (44, 615)
(44, 491) (44, 615)
(44, 502) (44, 615)
(44, 513) (44, 615)
(44, 524) (44, 615)
(44, 535) (44, 615)
(44, 546) (44, 615)
(44, 557) (44, 615)
(44, 568) (44, 615)
(44, 579) (44, 615)
(44, 590) (44, 615)
(55, 480) (55, 591)
(55, 491) (55, 591)
(55, 502) (55, 591)
(55, 513) (55, 591)
(55, 524) (55, 591)
(55, 535) (55, 591)
(55, 546) (55, 591)
(55, 557) (55, 591)
(55, 568) (55, 591)
(55, 579) (55, 591)
(55, 590) (55, 591)
(66, 480) (66, 610)
(66, 491) (66, 610)
(66, 502) (66, 610)
(66, 513) (66, 610)
(66, 524) (66, 610)
(66, 535) (66, 21)
(66, 546) (66, 21)
(66, 557) (66, 21)
(66, 568) (66, 21)
(66, 579) (66, 21)
(66, 590) (66, 21)
(77, 480) (77, 622)
(77, 491) (77, 622)
(77, 502) (77, 622)
(77, 513) (77, 622)
(77, 524) (77, 622)
(77, 535) (77, 622)
(77, 546) (77, 25)
(77, 557) (77, 26)
(77, 568) (77, 26)
(77, 579) (77, 26)
(77, 590) (77, 26)
(88, 480) (88, 13)
(88, 491) (88, 457)
(88, 502) (88, 457)
(88, 513) (88, 457)
(88, 524) (88, 514)
(88, 535) (88, 13)
(88, 546) (88, 534)
(88, 557) (88, 627)
(88, 568) (88, 13)
(88, 579) (88, 13)
(88, 590) (88, 13)
(99, 480) (99, 191)
(99, 491) (99, 578)
(99, 502) (99, 585)
(99, 513) (99, 590)
(99, 524) (99, 462)
(99, 535) (99, 200)
(99, 546) (99, 534)
(99, 557) (99, 545)
(99, 568) (99, 556)
(99, 579) (99, 143)
(99, 590) (99, 499)
(110, 480) (110, 464)
(110, 491) (110, 479)
(110, 502) (110, 589)
(110, 513) (110, 632)
(110, 524) (110, 465)
(110, 535) (110, 474)
(110, 546) (110, 626)
(110, 557) (110, 545)
(110, 568) (110, 371)
(110, 579) (110, 465)
(110, 590) (110, 78)
(121, 480) (121, 400)
(121, 491) (121, 479)
(121, 502) (121, 490)
(121, 513) (121, 501)
(121, 524) (121, 596)
(121, 535) (121, 52)
(121, 546) (121, 609)
(121, 557) (121, 544)
(121, 568) (121, 607)
(121, 579) (121, 366)
(121, 590) (121, 76)
(132, 480) (132, 468)
(132, 491) (132, 436)
(132, 502) (132, 546)
(132, 513) (132, 533)
(132, 524) (132, 439)
(132, 535) (132, 444)
(132, 546) (132, 480)
(132, 557) (132, 596)
(132, 568) (132, 555)
(132, 579) (132, 400)
(132, 590) (132, 548)
(143, 480) (143, 40)
(143, 491) (143, 40)
(143, 502) (143, 40)
(143, 513) (143, 40)
(143, 524) (143, 40)
(143, 535) (143, 40)
(143, 546) (143, 42)
(143, 557) (143, 418)
(143, 568) (143, 555)
(143, 579) (143, 383)
(143, 590) (143, 274)
(154, 480) (154, 163)
(154, 491) (154, 174)
(154, 502) (154, 164)
(154, 513) (154, 175)
(154, 524) (154, 136)
(154, 535) (154, 138)
(154, 546) (154, 195)
(154, 557) (154, 544)
(154, 568) (154, 209)
(154, 579) (154, 592)
(154, 590) (154, 325)
(165, 480) (165, 132)
(165, 491) (165, 250)
(165, 502) (165, 291)
(165, 513) (165, 175)
(165, 524) (165, 298)
(165, 535) (165, 293)
(165, 546) (165, 533)
(165, 557) (165, 381)
(165, 568) (165, 207)
(165, 579) (165, 417)
(165, 590) (165, 432)
(176, 480) (176, 168)
(176, 491) (176, 378)
(176, 502) (176, 472)
(176, 513) (176, 544)
(176, 524) (176, 230)
(176, 535) (176, 522)
(176, 546) (176, 372)
(176, 557) (176, 202)
(176, 568) (176, 554)
(176, 579) (176, 109)
(176, 590) (176, 358)
(187, 480) (187, 285)
(187, 491) (187, 463)
(187, 502) (187, 469)
(187, 513) (187, 479)
(187, 524) (187, 487)
(187, 535) (187, 533)
(187, 546) (187, 336)
(187, 557) (187, 543)
(187, 568) (187, 554)
(187, 579) (187, 61)
(187, 590) (187, 576)
(198, 480) (198, 479)
(198, 491) (198, 465)
(198, 502) (198, 475)
(198, 513) (198, 495)
(198, 524) (198, 463)
(198, 535) (198, 463)
(198, 546) (198, 495)
(198, 557) (198, 463)
(198, 568) (198, 435)
(198, 579) (198, 430)
(198, 590) (198, 511)
(209, 480) (209, 215)
(209, 491) (209, 497)
(209, 502) (209, 497)
(209, 513) (209, 65)
(209, 524) (209, 486)
(209, 535) (209, 486)
(209, 546) (209, 414)
(209, 557) (209, 415)
(209, 568) (209, 353)
(209, 579) (209, 214)
(209, 590) (209, 414)
(220, 480) (220, 489)
(220, 491) (220, 497)
(220, 502) (220, 184)
(220, 513) (220, 341)
(220, 524) (220, 166)
(220, 535) (220, 530)
(220, 546) (220, 511)
(220, 557) (220, 613)
(220, 568) (220, 553)
(220, 579) (220, 44)
(220, 590) (220, 134)
(231, 480) (231, 478)
(231, 491) (231, 486)
(231, 502) (231, 308)
(231, 513) (231, 24)
(231, 524) (231, 32)
(231, 535) (231, 250)
(231, 546) (231, 415)
(231, 557) (231, 370)
(231, 568) (231, 360)
(231, 579) (231, 97)
(231, 590) (231, 128)
(240, 480) (240, 615)
(240, 491) (240, 236)
(240, 502) (240, 607)
(240, 513) (240, 466)
(240, 524) (240, 620)
(240, 535) (240, 16)
(240, 546) (240, 19)
(240, 557) (240, 543)
(240, 568) (240, 553)
(240, 579) (240, 75)
(240, 590) (240, 310)
(251, 480) (251, 464)
(251, 491) (251, 456)
(251, 502) (251, 487)
(251, 513) (251, 229)
(251, 524) (251, 595)
(251, 535) (251, 599)
(251, 546) (251, 595)
(251, 557) (251, 260)
(251, 568) (251, 367)
(251, 579) (251, 437)
(251, 590) (251, 218)
(262, 480) (262, 28)
(262, 491) (262, 415)
(262, 502) (262, 420)
(262, 513) (262, 525)
(262, 524) (262, 12)
(262, 535) (262, 367)
(262, 546) (262, 482)
(262, 557) (262, 200)
(262, 568) (262, 366)
(262, 579) (262, 611)
(262, 590) (262, 23)
(273, 480) (273, 451)
(273, 491) (273, 475)
(273, 502) (273, 103)
(273, 513) (273, 496)
(273, 524) (273, 415)
(273, 535) (273, 91)
(273, 546) (273, 342)
(273, 557) (273, 451)
(273, 568) (273, 474)
(273, 579) (273, 492)
(273, 590) (273, 536)
(284, 480) (284, 454)
(284, 491) (284, 452)
(284, 502) (284, 452)
(284, 513) (284, 452)
(284, 524) (284, 452)
(284, 535) (284, 452)
(284, 546) (284, 452)
(284, 557) (284, 452)
(284, 568) (284, 17)
(284, 579) (284, 163)
(284, 590) (284, 516)
(295, 480) (295, 154)
(295, 491) (295, 154)
(295, 502) (295, 154)
(295, 513) (295, 154)
(295, 524) (295, 73)
(295, 535) (295, 73)
(295, 546) (295, 154)
(295, 557) (295, 154)
(295, 568) (295, 383)
(295, 579) (295, 51)
(295, 590) (295, 511)
(306, 480) (306, 224)
(306, 491) (306, 235)
(306, 502) (306, 237)
(306, 513) (306, 237)
(306, 524) (306, 280)
(306, 535) (306, 129)
(306, 546) (306, 242)
(306, 557) (306, 288)
(306, 568) (306, 399)
(306, 579) (306, 552)
(306, 590) (306, 16)
(317, 480) (317, 458)
(317, 491) (317, 473)
(317, 502) (317, 485)
(317, 513) (317, 496)
(317, 524) (317, 510)
(317, 535) (317, 521)
(317, 546) (317, 453)
(317, 557) (317, 129)
(317, 568) (317, 81)
(317, 579) (317, 430)
(317, 590) (317, 370)
(328, 480) (328, 464)
(328, 491) (328, 469)
(328, 502) (328, 21)
(328, 513) (328, 237)
(328, 524) (328, 507)
(328, 535) (328, 521)
(328, 546) (328, 541)
(328, 557) (328, 179)
(328, 568) (328, 380)
(328, 579) (328, 309)
(328, 590) (328, 213)
(339, 480) (339, 450)
(339, 491) (339, 455)
(339, 502) (339, 487)
(339, 513) (339, 444)
(339, 524) (339, 449)
(339, 535) (339, 462)
(339, 546) (339, 454)
(339, 557) (339, 457)
(339, 568) (339, 455)
(339, 579) (339, 429)
(339, 590) (339, 114)
(350, 480) (350, 533)
(350, 491) (350, 453)
(350, 502) (350, 452)
(350, 513) (350, 453)
(350, 524) (350, 215)
(350, 535) (350, 39)
(350, 546) (350, 381)
(350, 557) (350, 89)
(350, 568) (350, 377)
(350, 579) (350, 428)
(350, 590) (350, 292)
(361, 480) (361, 455)
(361, 491) (361, 455)
(361, 502) (361, 455)
(361, 513) (361, 455)
(361, 524) (361, 455)
(361, 535) (361, 455)
(361, 546) (361, 456)
(361, 557) (361, 533)
(361, 568) (361, 451)
(361, 579) (361, 352)
(361, 590) (361, 387)
(372, 480) (372, 375)
(372, 491) (372, 463)
(372, 502) (372, 462)
(372, 513) (372, 462)
(372, 524) (372, 462)
(372, 535) (372, 519)
(372, 546) (372, 424)
(372, 557) (372, 223)
(372, 568) (372, 215)
(372, 579) (372, 387)
(372, 590) (372, 194)
(383, 480) (383, 14)
(383, 491) (383, 15)
(383, 502) (383, 498)
(383, 513) (383, 498)
(383, 524) (383, 508)
(383, 535) (383, 630)
(383, 546) (383, 424)
(383, 557) (383, 540)
(383, 568) (383, 80)
(383, 579) (383, 532)
(383, 590) (383, 335)
(394, 480) (394, 463)
(394, 491) (394, 475)
(394, 502) (394, 487)
(394, 513) (394, 498)
(394, 524) (394, 496)
(394, 535) (394, 518)
(394, 546) (394, 75)
(394, 557) (394, 540)
(394, 568) (394, 541)
(394, 579) (394, 532)
(394, 590) (394, 446)
(405, 480) (405, 463)
(405, 491) (405, 260)
(405, 502) (405, 488)
(405, 513) (405, 426)
(405, 524) (405, 510)
(405, 535) (405, 511)
(405, 546) (405, 408)
(405, 557) (405, 539)
(405, 568) (405, 407)
(405, 579) (405, 385)
(405, 590) (405, 572)
(416, 480) (416, 463)
(416, 491) (416, 476)
(416, 502) (416, 497)
(416, 513) (416, 498)
(416, 524) (416, 503)
(416, 535) (416, 618)
(416, 546) (416, 623)
(416, 557) (416, 539)
(416, 568) (416, 84)
(416, 579) (416, 561)
(416, 590) (416, 40)
(427, 480) (427, 462)
(427, 491) (427, 472)
(427, 502) (427, 483)
(427, 513) (427, 494)
(427, 524) (427, 521)
(427, 535) (427, 480)
(427, 546) (427, 480)
(427, 557) (427, 531)
(427, 568) (427, 195)
(427, 579) (427, 560)
(427, 590) (427, 571)
(438, 480) (438, 461)
(438, 491) (438, 472)
(438, 502) (438, 481)
(438, 513) (438, 493)
(438, 524) (438, 557)
(438, 535) (438, 522)
(438, 546) (438, 522)
(438, 557) (438, 522)
(438, 568) (438, 455)
(438, 579) (438, 460)
(438, 590) (438, 383)
(449, 480) (449, 455)
(449, 491) (449, 466)
(449, 502) (449, 484)
(449, 513) (449, 459)
(449, 524) (449, 506)
(449, 535) (449, 486)
(449, 546) (449, 459)
(449, 557) (449, 501)
(449, 568) (449, 521)
(449, 579) (449, 560)
(449, 590) (449, 411)
(460, 480) (460, 391)
(460, 491) (460, 240)
(460, 502) (460, 484)
(460, 513) (460, 241)
(460, 524) (460, 505)
(460, 535) (460, 516)
(460, 546) (460, 524)
(460, 557) (460, 539)
(460, 568) (460, 551)
(460, 579) (460, 340)
(460, 590) (460, 393)
(471, 480) (471, 454)
(471, 491) (471, 470)
(471, 502) (471, 167)
(471, 513) (471, 493)
(471, 524) (471, 505)
(471, 535) (471, 516)
(471, 546) (471, 527)
(471, 557) (471, 232)
(471, 568) (471, 164)
(471, 579) (471, 494)
(471, 590) (471, 368)
(0, 600) (0, 570)
(0, 611) (0, 232)
(0, 622) (0, 232)
(0, 633) (0, 232)
(11, 600) (11, 570)
(11, 611) (11, 232)
(11, 622) (11, 232)
(11, 633) (11, 232)
(22, 600) (22, 599)
(22, 611) (22, 604)
(22, 622) (22, 604)
(22, 633) (22, 604)
(33, 600) (33, 609)
(33, 611) (33, 609)
(33, 622) (33, 611)
(33, 633) (33, 611)
(44, 600) (44, 615)
(44, 611) (44, 615)
(44, 622) (44, 398)
(44, 633) (44, 561)
(55, 600) (55, 591)
(55, 611) (55, 591)
(55, 622) (55, 591)
(55, 633) (55, 591)
(66, 600) (66, 21)
(66, 611) (66, 21)
(66, 622) (66, 21)
(66, 633) (66, 24)
(77, 600) (77, 26)
(77, 611) (77, 26)
(77, 622) (77, 26)
(77, 633) (77, 6)
(88, 600) (88, 13)
(88, 611) (88, 43)
(88, 622) (88, 13)
(88, 633) (88, 622)
(99, 600) (99, 445)
(99, 611) (99, 602)
(99, 622) (99, 176)
(99, 633) (99, 622)
(110, 600) (110, 452)
(110, 611) (110, 73)
(110, 622) (110, 11)
(110, 633) (110, 622)
(121, 600) (121, 391)
(121, 611) (121, 599)
(121, 622) (121, 371)
(121, 633) (121, 45)
(132, 600) (132, 588)
(132, 611) (132, 599)
(132, 622) (132, 370)
(132, 633) (132, 64)
(143, 600) (143, 126)
(143, 611) (143, 599)
(143, 622) (143, 266)
(143, 633) (143, 30)
(154, 600) (154, 325)
(154, 611) (154, 325)
(154, 622) (154, 325)
(154, 633) (154, 323)
(165, 600) (165, 282)
(165, 611) (165, 286)
(165, 622) (165, 287)
(165, 633) (165, 295)
(176, 600) (176, 586)
(176, 611) (176, 273)
(176, 622) (176, 563)
(176, 633) (176, 48)
(187, 600) (187, 57)
(187, 611) (187, 6)
(187, 622) (187, 6)
(187, 633) (187, 337)
(198, 600) (198, 512)
(198, 611) (198, 512)
(198, 622) (198, 512)
(198, 633) (198, 512)
(209, 600) (209, 215)
(209, 611) (209, 79)
(209, 622) (209, 79)
(209, 633) (209, 414)
(220, 600) (220, 136)
(220, 611) (220, 185)
(220, 622) (220, 136)
(220, 633) (220, 136)
(231, 600) (231, 130)
(231, 611) (231, 138)
(231, 622) (231, 140)
(231, 633) (231, 140)
(240, 600) (240, 586)
(240, 611) (240, 599)
(240, 622) (240, 335)
(240, 633) (240, 45)
(251, 600) (251, 229)
(251, 611) (251, 495)
(251, 622) (251, 229)
(251, 633) (251, 496)
(262, 600) (262, 23)
(262, 611) (262, 23)
(262, 622) (262, 23)
(262, 633) (262, 24)
(273, 600) (273, 536)
(273, 611) (273, 542)
(273, 622) (273, 536)
(273, 633) (273, 544)
(284, 600) (284, 537)
(284, 611) (284, 540)
(284, 622) (284, 540)
(284, 633) (284, 309)
(295, 600) (295, 71)
(295, 611) (295, 39)
(295, 622) (295, 40)
(295, 633) (295, 74)
(306, 600) (306, 17)
(306, 611) (306, 160)
(306, 622) (306, 549)
(306, 633) (306, 56)
(317, 600) (317, 533)
(317, 611) (317, 405)
(317, 622) (317, 347)
(317, 633) (317, 367)
(328, 600) (328, 241)
(328, 611) (328, 241)
(328, 622) (328, 241)
(328, 633) (328, 241)
(339, 600) (339, 36)
(339, 611) (339, 158)
(339, 622) (339, 469)
(339, 633) (339, 62)
(350, 600) (350, 262)
(350, 611) (350, 296)
(350, 622) (350, 287)
(350, 633) (350, 211)
(361, 600) (361, 159)
(361, 611) (361, 157)
(361, 622) (361, 112)
(361, 633) (361, 373)
(372, 600) (372, 200)
(372, 611) (372, 198)
(372, 622) (372, 191)
(372, 633) (372, 353)
(383, 600) (383, 19)
(383, 611) (383, 47)
(383, 622) (383, 613)
(383, 633) (383, 65)
(394, 600) (394, 580)
(394, 611) (394, 352)
(394, 622) (394, 30)
(394, 633) (394, 205)
(405, 600) (405, 580)
(405, 611) (405, 586)
(405, 622) (405, 258)
(405, 633) (405, 480)
(416, 600) (416, 517)
(416, 611) (416, 517)
(416, 622) (416, 515)
(416, 633) (416, 518)
(427, 600) (427, 83)
(427, 611) (427, 607)
(427, 622) (427, 127)
(427, 633) (427, 403)
(438, 600) (438, 392)
(438, 611) (438, 358)
(438, 622) (438, 356)
(438, 633) (438, 183)
(449, 600) (449, 229)
(449, 611) (449, 178)
(449, 622) (449, 556)
(449, 633) (449, 179)
(460, 600) (460, 407)
(460, 611) (460, 241)
(460, 622) (460, 547)
(460, 633) (460, 18)
(471, 600) (471, 567)
(471, 611) (471, 428)
(471, 622) (471, 444)
(471, 633) (471, 594)
